array:0	talk.politics.guns	0.8012163806722599	talk.politics.mideast	0.05773181821946684	talk.politics.misc	0.14105180110827337
array:1	talk.politics.guns	0.9476374021195765	talk.politics.mideast	0.04171568056048024	talk.politics.misc	0.010646917319943152
array:2	talk.politics.guns	0.6679650025294833	talk.politics.mideast	0.04035647415465816	talk.politics.misc	0.2916785233158586
array:3	talk.politics.guns	0.9999920047976378	talk.politics.mideast	4.53334348686227E-8	talk.politics.misc	7.949868927186888E-6
array:4	talk.politics.guns	0.9999924907615871	talk.politics.mideast	4.3209630614019036E-8	talk.politics.misc	7.466028782139087E-6
array:5	talk.politics.guns	0.39677061921154116	talk.politics.mideast	0.00614497673664665	talk.politics.misc	0.5970844040518122
array:6	talk.politics.guns	0.34580175595451357	talk.politics.mideast	0.11086421382314268	talk.politics.misc	0.5433340302223437
array:7	talk.politics.guns	0.6604871750807673	talk.politics.mideast	0.08245891165721535	talk.politics.misc	0.2570539132620174
array:8	talk.politics.guns	0.825613898481269	talk.politics.mideast	1.939064281187433E-4	talk.politics.misc	0.1741921950906123
array:9	talk.politics.guns	0.6897747296928762	talk.politics.mideast	1.600687094305324E-5	talk.politics.misc	0.31020926343618077
array:10	talk.politics.guns	0.994593232156751	talk.politics.mideast	8.730398365288434E-4	talk.politics.misc	0.004533728006719931
array:11	talk.politics.guns	0.9871164004586411	talk.politics.mideast	0.005460391596880316	talk.politics.misc	0.0074232079444784575
array:12	talk.politics.guns	0.9999754635970474	talk.politics.mideast	2.5196951798868644E-8	talk.politics.misc	2.451120600086104E-5
array:13	talk.politics.guns	0.9990193079428376	talk.politics.mideast	6.936074401457163E-4	talk.politics.misc	2.8708461701673307E-4
array:14	talk.politics.guns	0.7175141140210853	talk.politics.mideast	0.06700491983809923	talk.politics.misc	0.2154809661408154
array:15	talk.politics.guns	0.9963240317779061	talk.politics.mideast	0.0033691264923035257	talk.politics.misc	3.0684172979042E-4
array:16	talk.politics.guns	0.9685243881600173	talk.politics.mideast	0.005515983900286969	talk.politics.misc	0.02595962793969576
array:17	talk.politics.guns	0.9999969025888736	talk.politics.mideast	9.163474351025935E-8	talk.politics.misc	3.005776382750437E-6
array:18	talk.politics.guns	0.8236066038150065	talk.politics.mideast	0.10865811234645789	talk.politics.misc	0.06773528383853562
array:19	talk.politics.guns	0.9921314217710104	talk.politics.mideast	2.8194008823247977E-5	talk.politics.misc	0.007840384220166339
array:20	talk.politics.guns	0.757172273376828	talk.politics.mideast	0.005975821056395545	talk.politics.misc	0.2368519055667764
array:21	talk.politics.guns	0.36940524658190876	talk.politics.mideast	0.053656172073475124	talk.politics.misc	0.5769385813446162
array:22	talk.politics.guns	0.9346815210052796	talk.politics.mideast	5.4908160471935934E-5	talk.politics.misc	0.06526357083424864
array:23	talk.politics.guns	0.858395445131316	talk.politics.mideast	0.12452682003233921	talk.politics.misc	0.017077734836344772
array:24	talk.politics.guns	0.8900857277455317	talk.politics.mideast	0.05565225737591086	talk.politics.misc	0.054262014878557446
array:25	talk.politics.guns	0.8691166200922477	talk.politics.mideast	4.317729447674574E-4	talk.politics.misc	0.13045160696298497
array:26	talk.politics.guns	0.9783161012378213	talk.politics.mideast	4.94037885980937E-4	talk.politics.misc	0.021189860876197696
array:27	talk.politics.guns	0.8579635579210525	talk.politics.mideast	0.024385072760869698	talk.politics.misc	0.11765136931807768
array:28	talk.politics.guns	0.9868072548237954	talk.politics.mideast	8.025004430827063E-5	talk.politics.misc	0.01311249513189631
array:29	talk.politics.guns	0.9365748075544967	talk.politics.mideast	6.881725135793868E-7	talk.politics.misc	0.06342450427298957
array:30	talk.politics.guns	0.9892390446290017	talk.politics.mideast	0.0029793474810850557	talk.politics.misc	0.007781607889913042
array:31	talk.politics.guns	0.7974066635737543	talk.politics.mideast	0.03203935201528389	talk.politics.misc	0.17055398441096176
array:32	talk.politics.guns	0.6255796644647108	talk.politics.mideast	0.018561148335079287	talk.politics.misc	0.35585918720021
array:33	talk.politics.guns	0.999304503526943	talk.politics.mideast	1.645168550845384E-6	talk.politics.misc	6.938513045060488E-4
array:34	talk.politics.guns	0.8362330037088931	talk.politics.mideast	0.01465828432527398	talk.politics.misc	0.14910871196583286
array:35	talk.politics.guns	0.9844238660162128	talk.politics.mideast	0.005188299819339513	talk.politics.misc	0.010387834164447551
array:36	talk.politics.guns	0.99982312995494	talk.politics.mideast	6.993865495939037E-7	talk.politics.misc	1.761706585104647E-4
array:37	talk.politics.guns	0.9998770704061869	talk.politics.mideast	3.145722424765265E-5	talk.politics.misc	9.147236956550988E-5
array:38	talk.politics.guns	0.43176592991520935	talk.politics.mideast	0.2695047609067975	talk.politics.misc	0.29872930917799323
array:39	talk.politics.guns	0.9796087743237025	talk.politics.mideast	0.010811604885720449	talk.politics.misc	0.009579620790577142
array:40	talk.politics.guns	0.9582035660783557	talk.politics.mideast	8.279644469462111E-4	talk.politics.misc	0.040968469474698024
array:41	talk.politics.guns	0.7310796438587911	talk.politics.mideast	0.015114421070152389	talk.politics.misc	0.2538059350710564
array:42	talk.politics.guns	0.999892689436329	talk.politics.mideast	2.8638531794146445E-5	talk.politics.misc	7.867203187685922E-5
array:43	talk.politics.guns	0.9829633352792904	talk.politics.mideast	1.6285991064394184E-5	talk.politics.misc	0.017020378729645284
array:44	talk.politics.guns	0.42159045562514924	talk.politics.mideast	0.1274301662350922	talk.politics.misc	0.45097937813975864
array:45	talk.politics.guns	0.8380198150776245	talk.politics.mideast	0.07426087185349779	talk.politics.misc	0.08771931306887772
array:46	talk.politics.guns	0.9241165495797771	talk.politics.mideast	0.009706110094241311	talk.politics.misc	0.06617734032598166
array:47	talk.politics.guns	0.9997817303192171	talk.politics.mideast	1.0610019186005337E-5	talk.politics.misc	2.076596615968939E-4
array:48	talk.politics.guns	0.27411219111357543	talk.politics.mideast	0.3669493670610109	talk.politics.misc	0.3589384418254137
array:49	talk.politics.guns	0.9998807679462356	talk.politics.mideast	2.42623512913187E-7	talk.politics.misc	1.1898943025149752E-4
array:50	talk.politics.guns	0.08630283804673528	talk.politics.mideast	0.06234347200488336	talk.politics.misc	0.8513536899483813
array:51	talk.politics.guns	0.08630283804673528	talk.politics.mideast	0.06234347200488336	talk.politics.misc	0.8513536899483813
array:52	talk.politics.guns	0.08630283804673528	talk.politics.mideast	0.06234347200488336	talk.politics.misc	0.8513536899483813
array:53	talk.politics.guns	0.08630283804673528	talk.politics.mideast	0.06234347200488336	talk.politics.misc	0.8513536899483813
array:54	talk.politics.guns	0.9038610589970514	talk.politics.mideast	0.08043557936381301	talk.politics.misc	0.01570336163913546
array:55	talk.politics.guns	0.08630283804673528	talk.politics.mideast	0.06234347200488336	talk.politics.misc	0.8513536899483813
array:56	talk.politics.guns	0.9993453986081515	talk.politics.mideast	1.0687748310571156E-5	talk.politics.misc	6.439136435378298E-4
array:57	talk.politics.guns	0.9996513639078003	talk.politics.mideast	1.892689362068172E-6	talk.politics.misc	3.46743402837527E-4
array:58	talk.politics.guns	0.684813664231075	talk.politics.mideast	0.0071210685319502715	talk.politics.misc	0.3080652672369747
array:59	talk.politics.guns	0.8671039587593443	talk.politics.mideast	0.0864714892711908	talk.politics.misc	0.04642455196946477
array:60	talk.politics.guns	0.3359463257171831	talk.politics.mideast	0.007841516488454013	talk.politics.misc	0.6562121577943629
array:61	talk.politics.guns	0.9947783887741419	talk.politics.mideast	4.2747000745363417E-4	talk.politics.misc	0.0047941412184044005
array:62	talk.politics.guns	0.6845981846114118	talk.politics.mideast	0.09437999414853057	talk.politics.misc	0.22102182124005768
array:63	talk.politics.guns	0.9994607107872291	talk.politics.mideast	1.438549708755698E-4	talk.politics.misc	3.954342418953117E-4
array:64	talk.politics.guns	0.8206367435931493	talk.politics.mideast	1.1431585877700173E-5	talk.politics.misc	0.17935182482097303
array:65	talk.politics.guns	0.8481488670897985	talk.politics.mideast	0.12033437156118866	talk.politics.misc	0.0315167613490128
array:66	talk.politics.guns	0.9996487481998051	talk.politics.mideast	3.6421720072966087E-6	talk.politics.misc	3.476096281876741E-4
array:67	talk.politics.guns	0.35520850641898694	talk.politics.mideast	0.10529318657211825	talk.politics.misc	0.5394983070088949
array:68	talk.politics.guns	0.30819674249087753	talk.politics.mideast	0.017620643896213393	talk.politics.misc	0.6741826136129091
array:69	talk.politics.guns	0.7266350925508576	talk.politics.mideast	0.012944607186992588	talk.politics.misc	0.2604203002621498
array:70	talk.politics.guns	0.9927368876031184	talk.politics.mideast	4.96523312769701E-5	talk.politics.misc	0.007213460065604665
array:71	talk.politics.guns	0.9820121445679237	talk.politics.mideast	0.003532900570114464	talk.politics.misc	0.014454954861961829
array:72	talk.politics.guns	0.007913866248061277	talk.politics.mideast	0.10037417135108206	talk.politics.misc	0.8917119624008567
array:73	talk.politics.guns	0.9613758511607002	talk.politics.mideast	0.033830608048329054	talk.politics.misc	0.004793540790970667
array:74	talk.politics.guns	0.9568212508879324	talk.politics.mideast	0.014746344078489196	talk.politics.misc	0.028432405033578568
array:75	talk.politics.guns	0.16210240842206303	talk.politics.mideast	0.003891416358228623	talk.politics.misc	0.8340061752197083
array:76	talk.politics.guns	0.35135385954590614	talk.politics.mideast	0.12069016546172254	talk.politics.misc	0.5279559749923713
array:77	talk.politics.guns	0.9863517945969155	talk.politics.mideast	0.0118964239986249	talk.politics.misc	0.0017517814044597795
array:78	talk.politics.guns	0.9999363639470578	talk.politics.mideast	5.3319293161971155E-5	talk.politics.misc	1.0316759780268754E-5
array:79	talk.politics.guns	0.9946189146373545	talk.politics.mideast	3.3554274631870255E-5	talk.politics.misc	0.005347531088013603
array:80	talk.politics.guns	0.9942087471650971	talk.politics.mideast	0.002824740081925835	talk.politics.misc	0.0029665127529770576
array:81	talk.politics.guns	0.988392875027143	talk.politics.mideast	6.831119408720941E-4	talk.politics.misc	0.01092401303198495
array:82	talk.politics.guns	0.9932214182804814	talk.politics.mideast	0.0017394824118930434	talk.politics.misc	0.005039099307625482
array:83	talk.politics.guns	0.7308722022424381	talk.politics.mideast	0.01707195544885504	talk.politics.misc	0.25205584230870676
array:84	talk.politics.guns	0.9648838112604323	talk.politics.mideast	0.005091822235439693	talk.politics.misc	0.030024366504128003
array:85	talk.politics.guns	0.6318036259625878	talk.politics.mideast	0.0033482574511008367	talk.politics.misc	0.36484811658631133
array:86	talk.politics.guns	0.04318235351743867	talk.politics.mideast	0.010082475559556717	talk.politics.misc	0.9467351709230045
array:87	talk.politics.guns	0.9972524662319346	talk.politics.mideast	0.001810870741963717	talk.politics.misc	9.366630261016909E-4
array:88	talk.politics.guns	0.6918137368341677	talk.politics.mideast	0.20057859090934382	talk.politics.misc	0.10760767225648843
array:89	talk.politics.guns	0.9928972937040209	talk.politics.mideast	0.0019102288687170839	talk.politics.misc	0.005192477427261932
array:90	talk.politics.guns	0.015921773207115412	talk.politics.mideast	0.18676525463903035	talk.politics.misc	0.7973129721538542
array:91	talk.politics.guns	0.4929875114891092	talk.politics.mideast	0.08831766075276491	talk.politics.misc	0.41869482775812594
array:92	talk.politics.guns	0.1983783112422877	talk.politics.mideast	0.16491992066383032	talk.politics.misc	0.6367017680938819
array:93	talk.politics.guns	0.9994021419297807	talk.politics.mideast	1.947049088915495E-6	talk.politics.misc	5.959110211304721E-4
array:94	talk.politics.guns	0.9591938333602196	talk.politics.mideast	0.0012416333630463068	talk.politics.misc	0.0395645332767343
array:95	talk.politics.guns	0.9241679060274043	talk.politics.mideast	0.012369621415477402	talk.politics.misc	0.06346247255711827
array:96	talk.politics.guns	0.8942542448136174	talk.politics.mideast	0.03733695476824011	talk.politics.misc	0.0684088004181424
array:97	talk.politics.guns	0.8908999575897323	talk.politics.mideast	0.025189230616737997	talk.politics.misc	0.08391081179352976
array:98	talk.politics.guns	0.9939606857817966	talk.politics.mideast	0.002735672062977397	talk.politics.misc	0.003303642155225924
array:99	talk.politics.guns	0.8041503309020527	talk.politics.mideast	0.0069975019716521395	talk.politics.misc	0.18885216712629518
array:100	talk.politics.guns	0.5331401714508562	talk.politics.mideast	0.2824064899104718	talk.politics.misc	0.184453338638672
array:101	talk.politics.guns	0.021907827709757455	talk.politics.mideast	0.9070376923814701	talk.politics.misc	0.07105447990877238
array:102	talk.politics.guns	1.6553561257057667E-5	talk.politics.mideast	0.9997471815725131	talk.politics.misc	2.3626486622966796E-4
array:103	talk.politics.guns	1.5353273463925038E-5	talk.politics.mideast	0.9999310427782976	talk.politics.misc	5.360394823854314E-5
array:104	talk.politics.guns	0.0017331805554807187	talk.politics.mideast	0.9979891315260723	talk.politics.misc	2.7768791844696875E-4
array:105	talk.politics.guns	0.024825832587449487	talk.politics.mideast	0.5230551870933782	talk.politics.misc	0.4521189803191724
array:106	talk.politics.guns	0.019090535622615517	talk.politics.mideast	0.9257168196714445	talk.politics.misc	0.0551926447059399
array:107	talk.politics.guns	1.1957463361845115E-5	talk.politics.mideast	0.9622432024694509	talk.politics.misc	0.03774484006718724
array:108	talk.politics.guns	1.3094425075531086E-4	talk.politics.mideast	0.998743263101498	talk.politics.misc	0.001125792647746721
array:109	talk.politics.guns	8.118365239671567E-5	talk.politics.mideast	0.9972456918635456	talk.politics.misc	0.0026731244840576913
array:110	talk.politics.guns	1.8630558295652743E-5	talk.politics.mideast	0.9997429107320942	talk.politics.misc	2.3845870961018532E-4
array:111	talk.politics.guns	5.794638015717359E-4	talk.politics.mideast	0.9989419328592971	talk.politics.misc	4.786033391311003E-4
array:112	talk.politics.guns	0.17003800629946772	talk.politics.mideast	0.6237788361803686	talk.politics.misc	0.20618315752016367
array:113	talk.politics.guns	0.021281885311967015	talk.politics.mideast	0.9263023938578803	talk.politics.misc	0.05241572083015289
array:114	talk.politics.guns	9.690185331824513E-4	talk.politics.mideast	0.9959087960403009	talk.politics.misc	0.003122185426516622
array:115	talk.politics.guns	6.160216898206982E-5	talk.politics.mideast	0.9993331911325781	talk.politics.misc	6.052066984398647E-4
array:116	talk.politics.guns	0.014266885175619767	talk.politics.mideast	0.9617637616553513	talk.politics.misc	0.023969353169029033
array:117	talk.politics.guns	0.3030237003469116	talk.politics.mideast	0.19322197116512582	talk.politics.misc	0.5037543284879625
array:118	talk.politics.guns	2.8059541753946872E-8	talk.politics.mideast	0.9999947033608935	talk.politics.misc	5.26857956476111E-6
array:119	talk.politics.guns	0.002265465119662372	talk.politics.mideast	0.9468152939649834	talk.politics.misc	0.050919240915354165
array:120	talk.politics.guns	1.2016540451910597E-5	talk.politics.mideast	0.9993281862334794	talk.politics.misc	6.597972260686393E-4
array:121	talk.politics.guns	0.08190222538724541	talk.politics.mideast	0.23559553335851785	talk.politics.misc	0.6825022412542368
array:122	talk.politics.guns	7.28970082577341E-4	talk.politics.mideast	0.9905256701948318	talk.politics.misc	0.008745359722590664
array:123	talk.politics.guns	2.624711861114953E-4	talk.politics.mideast	0.9973932748783854	talk.politics.misc	0.0023442539355031204
array:124	talk.politics.guns	5.471126573424504E-9	talk.politics.mideast	0.9999924660150882	talk.politics.misc	7.528513785338323E-6
array:125	talk.politics.guns	5.028862014464773E-4	talk.politics.mideast	0.999241487388311	talk.politics.misc	2.556264102425912E-4
array:126	talk.politics.guns	2.0816615002148597E-7	talk.politics.mideast	0.9999065153452084	talk.politics.misc	9.327648864182106E-5
array:127	talk.politics.guns	1.0476367517498684E-5	talk.politics.mideast	0.9906637783855026	talk.politics.misc	0.009325745246980141
array:128	talk.politics.guns	8.075232176393608E-8	talk.politics.mideast	0.9999993297781398	talk.politics.misc	5.894695385428012E-7
array:129	talk.politics.guns	0.001512196275790214	talk.politics.mideast	0.9856713375514232	talk.politics.misc	0.012816466172786431
array:130	talk.politics.guns	0.4159717368954179	talk.politics.mideast	0.5596820107028303	talk.politics.misc	0.02434625240175191
array:131	talk.politics.guns	0.001340104213557094	talk.politics.mideast	0.6331228825201299	talk.politics.misc	0.36553701326631305
array:132	talk.politics.guns	0.04400111447668053	talk.politics.mideast	0.19018710620760482	talk.politics.misc	0.7658117793157146
array:133	talk.politics.guns	0.11062539748215006	talk.politics.mideast	0.8440059899481265	talk.politics.misc	0.045368612569723445
array:134	talk.politics.guns	3.1487229336325347E-5	talk.politics.mideast	0.9988029821744526	talk.politics.misc	0.0011655305962110674
array:135	talk.politics.guns	4.809019945701557E-4	talk.politics.mideast	0.8465608516079679	talk.politics.misc	0.15295824639746192
array:136	talk.politics.guns	9.688474010774538E-10	talk.politics.mideast	0.9999827962879224	talk.politics.misc	1.720274323014845E-5
array:137	talk.politics.guns	0.0055947305982124605	talk.politics.mideast	0.9887402039748159	talk.politics.misc	0.005665065426971587
array:138	talk.politics.guns	2.0323081385253502E-5	talk.politics.mideast	0.9984056424608342	talk.politics.misc	0.0015740344577804676
array:139	talk.politics.guns	3.2868990698295533E-6	talk.politics.mideast	0.9934006484533926	talk.politics.misc	0.0065960646475374685
array:140	talk.politics.guns	5.244575830284465E-6	talk.politics.mideast	0.9999456108090498	talk.politics.misc	4.91446151198095E-5
array:141	talk.politics.guns	1.8441984210804888E-6	talk.politics.mideast	0.9997197597359313	talk.politics.misc	2.7839606564754055E-4
array:142	talk.politics.guns	0.0011860968196001883	talk.politics.mideast	0.9988039518246123	talk.politics.misc	9.951355787489309E-6
array:143	talk.politics.guns	1.6320670749685257E-10	talk.politics.mideast	0.9999999048532418	talk.politics.misc	9.498355161281714E-8
array:144	talk.politics.guns	0.017551936915390507	talk.politics.mideast	0.007349382976339739	talk.politics.misc	0.9750986801082698
array:145	talk.politics.guns	6.211020541722155E-7	talk.politics.mideast	0.9998925614573283	talk.politics.misc	1.0681744061749253E-4
array:146	talk.politics.guns	6.616130125074098E-6	talk.politics.mideast	0.999524471023045	talk.politics.misc	4.6891284682997803E-4
array:147	talk.politics.guns	5.706687983445005E-5	talk.politics.mideast	0.9992267757753827	talk.politics.misc	7.161573447828754E-4
array:148	talk.politics.guns	2.216988649066925E-5	talk.politics.mideast	0.964405148342162	talk.politics.misc	0.03557268177134751
array:149	talk.politics.guns	0.04006556828523306	talk.politics.mideast	0.6367153647090555	talk.politics.misc	0.3232190670057114
array:150	talk.politics.guns	4.1413136139413346E-5	talk.politics.mideast	0.9997793589608042	talk.politics.misc	1.7922790305653324E-4
array:151	talk.politics.guns	0.00283802269995671	talk.politics.mideast	0.9410519326520217	talk.politics.misc	0.056110044648021634
array:152	talk.politics.guns	0.09171186487798881	talk.politics.mideast	0.6595730650917387	talk.politics.misc	0.2487150700302724
array:153	talk.politics.guns	2.6570810679475416E-4	talk.politics.mideast	0.9992542778809425	talk.politics.misc	4.8001401226276005E-4
array:154	talk.politics.guns	1.610021369033871E-5	talk.politics.mideast	0.9997607997476746	talk.politics.misc	2.2310003863501747E-4
array:155	talk.politics.guns	2.016290100184068E-6	talk.politics.mideast	0.9999134608534104	talk.politics.misc	8.45228564895004E-5
array:156	talk.politics.guns	0.003596655839716104	talk.politics.mideast	0.9910928944541902	talk.politics.misc	0.005310449706093683
array:157	talk.politics.guns	3.7270056106096446E-6	talk.politics.mideast	0.9999928266069338	talk.politics.misc	3.446387455597528E-6
array:158	talk.politics.guns	2.771918220223457E-9	talk.politics.mideast	0.9999995206824398	talk.politics.misc	4.7654564185337736E-7
array:159	talk.politics.guns	1.8275891668765817E-4	talk.politics.mideast	0.9997746313761356	talk.politics.misc	4.2609707176671305E-5
array:160	talk.politics.guns	1.098062681433852E-6	talk.politics.mideast	0.9977672303248769	talk.politics.misc	0.002231671612441646
array:161	talk.politics.guns	0.020487186476513715	talk.politics.mideast	0.9664186926122283	talk.politics.misc	0.013094120911257806
array:162	talk.politics.guns	1.7814453299771785E-4	talk.politics.mideast	0.9996996680037947	talk.politics.misc	1.2218746320745506E-4
array:163	talk.politics.guns	2.6120272620186317E-7	talk.politics.mideast	0.9999929344347873	talk.politics.misc	6.804362486432806E-6
array:164	talk.politics.guns	6.604094461436283E-7	talk.politics.mideast	0.9995971709696273	talk.politics.misc	4.0216862092673185E-4
array:165	talk.politics.guns	4.7096316944416944E-5	talk.politics.mideast	0.9996375978297886	talk.politics.misc	3.1530585326703335E-4
array:166	talk.politics.guns	4.277028837867769E-6	talk.politics.mideast	0.9998487776816435	talk.politics.misc	1.469452895185643E-4
array:167	talk.politics.guns	1.145262148891364E-4	talk.politics.mideast	0.9792738383344941	talk.politics.misc	0.02061163545061684
array:168	talk.politics.guns	4.415216490951607E-4	talk.politics.mideast	0.9930343921047474	talk.politics.misc	0.006524086246157386
array:169	talk.politics.guns	9.409060889423108E-7	talk.politics.mideast	0.9997507192139115	talk.politics.misc	2.483398799996097E-4
array:170	talk.politics.guns	2.0886552065604736E-7	talk.politics.mideast	0.9999642826090896	talk.politics.misc	3.550852538962765E-5
array:171	talk.politics.guns	5.764222915993257E-4	talk.politics.mideast	0.9986956294334214	talk.politics.misc	7.279482749791201E-4
array:172	talk.politics.guns	0.009985619594878365	talk.politics.mideast	0.9637901801319759	talk.politics.misc	0.026224200273145738
array:173	talk.politics.guns	2.0324478119253853E-6	talk.politics.mideast	0.9999837258211346	talk.politics.misc	1.42417310534404E-5
array:174	talk.politics.guns	0.0018874252486735716	talk.politics.mideast	0.9742618374621066	talk.politics.misc	0.023850737289219964
array:175	talk.politics.guns	0.001416424384171811	talk.politics.mideast	0.997123851512126	talk.politics.misc	0.00145972410370216
array:176	talk.politics.guns	0.010723778560714195	talk.politics.mideast	0.988503775435553	talk.politics.misc	7.724460037329457E-4
array:177	talk.politics.guns	2.0426963405827026E-5	talk.politics.mideast	0.997495344640491	talk.politics.misc	0.0024842283961031284
array:178	talk.politics.guns	5.0987865146999225E-5	talk.politics.mideast	0.9891113355851462	talk.politics.misc	0.010837676549706852
array:179	talk.politics.guns	5.2648978250699035E-5	talk.politics.mideast	0.9994541907044849	talk.politics.misc	4.931603172643368E-4
array:180	talk.politics.guns	8.992875063666763E-4	talk.politics.mideast	0.9723115681210085	talk.politics.misc	0.026789144372624914
array:181	talk.politics.guns	0.022437526048188366	talk.politics.mideast	0.9424721795639481	talk.politics.misc	0.035090294387863395
array:182	talk.politics.guns	3.316165525570472E-5	talk.politics.mideast	0.9962970814717985	talk.politics.misc	0.003669756872945656
array:183	talk.politics.guns	1.621835276697782E-6	talk.politics.mideast	0.9998743361192878	talk.politics.misc	1.2404204543570665E-4
array:184	talk.politics.guns	3.907509996878505E-9	talk.politics.mideast	0.9999965527288385	talk.politics.misc	3.4433636516344365E-6
array:185	talk.politics.guns	1.357437597069893E-6	talk.politics.mideast	0.9946591420211348	talk.politics.misc	0.005339500541268016
array:186	talk.politics.guns	5.397396481244388E-7	talk.politics.mideast	0.9664731744456431	talk.politics.misc	0.03352628581470883
array:187	talk.politics.guns	1.1290705211385562E-6	talk.politics.mideast	0.9972791078184867	talk.politics.misc	0.00271976311099228
array:188	talk.politics.guns	0.017799993867749286	talk.politics.mideast	0.9621000477783662	talk.politics.misc	0.02009995835388449
array:189	talk.politics.guns	0.7355400678782655	talk.politics.mideast	0.1914005229587762	talk.politics.misc	0.07305940916295828
array:190	talk.politics.guns	0.018251594897012013	talk.politics.mideast	0.9505385489822377	talk.politics.misc	0.031209856120750397
array:191	talk.politics.guns	0.503376732058966	talk.politics.mideast	0.4084455850679771	talk.politics.misc	0.08817768287305677
array:192	talk.politics.guns	6.210893466034102E-6	talk.politics.mideast	0.9984585053733084	talk.politics.misc	0.0015352837332254549
array:193	talk.politics.guns	0.04508402157970017	talk.politics.mideast	0.9458362214785032	talk.politics.misc	0.00907975694179662
array:194	talk.politics.guns	0.016492397607984044	talk.politics.mideast	0.9754531599187098	talk.politics.misc	0.008054442473306075
array:195	talk.politics.guns	0.009671052985810736	talk.politics.mideast	0.9484380556833127	talk.politics.misc	0.0418908913308765
array:196	talk.politics.guns	0.11788402762001994	talk.politics.mideast	0.6705092175113039	talk.politics.misc	0.21160675486867617
array:197	talk.politics.guns	0.01218130726470588	talk.politics.mideast	0.677049531226044	talk.politics.misc	0.31076916150925005
array:198	talk.politics.guns	0.04946294233032668	talk.politics.mideast	0.6916958897259	talk.politics.misc	0.2588411679437733
array:199	talk.politics.guns	7.674770586509253E-5	talk.politics.mideast	0.9366779470577656	talk.politics.misc	0.06324530523636947
array:200	talk.politics.guns	0.996021302092844	talk.politics.mideast	0.00387151129497735	talk.politics.misc	1.0718661217862752E-4
array:201	talk.politics.guns	1.2662855268933114E-5	talk.politics.mideast	2.829964217235181E-4	talk.politics.misc	0.9997043407230075
array:202	talk.politics.guns	7.293858775185448E-4	talk.politics.mideast	3.267507931212493E-4	talk.politics.misc	0.9989438633293602
array:203	talk.politics.guns	8.798884128027621E-4	talk.politics.mideast	0.0033300376802545173	talk.politics.misc	0.9957900739069429
array:204	talk.politics.guns	0.024143674123753716	talk.politics.mideast	0.0029398989458890596	talk.politics.misc	0.9729164269303572
array:205	talk.politics.guns	0.0021686742783946656	talk.politics.mideast	0.0010708190931624823	talk.politics.misc	0.9967605066284428
array:206	talk.politics.guns	0.014875340568359	talk.politics.mideast	0.03994323420823719	talk.politics.misc	0.9451814252234039
array:207	talk.politics.guns	0.003507536198337357	talk.politics.mideast	0.0013839079057935	talk.politics.misc	0.995108555895869
array:208	talk.politics.guns	0.821562538580606	talk.politics.mideast	0.04707580535197286	talk.politics.misc	0.131361656067421
array:209	talk.politics.guns	1.6602821684207688E-4	talk.politics.mideast	0.045363237768191504	talk.politics.misc	0.9544707340149663
array:210	talk.politics.guns	4.618877551622014E-4	talk.politics.mideast	0.0020644751023428448	talk.politics.misc	0.9974736371424949
array:211	talk.politics.guns	0.313391369617646	talk.politics.mideast	0.039194204706151835	talk.politics.misc	0.6474144256762021
array:212	talk.politics.guns	0.005756180958823123	talk.politics.mideast	3.260671243919921E-8	talk.politics.misc	0.9942437864344644
array:213	talk.politics.guns	0.26523789808993137	talk.politics.mideast	9.305943311218593E-5	talk.politics.misc	0.7346690424769564
array:214	talk.politics.guns	7.479237377088906E-5	talk.politics.mideast	1.2563142314223543E-6	talk.politics.misc	0.9999239513119976
array:215	talk.politics.guns	0.004664476654644638	talk.politics.mideast	0.9596731072195015	talk.politics.misc	0.03566241612585386
array:216	talk.politics.guns	4.3124188337867684E-5	talk.politics.mideast	6.085937822723803E-6	talk.politics.misc	0.9999507898738393
array:217	talk.politics.guns	0.0016450281447261993	talk.politics.mideast	1.449595480986763E-4	talk.politics.misc	0.9982100123071751
array:218	talk.politics.guns	0.3755770218342364	talk.politics.mideast	0.4145039920348889	talk.politics.misc	0.20991898613087473
array:219	talk.politics.guns	0.43089847064898706	talk.politics.mideast	0.0039003718454166257	talk.politics.misc	0.5652011575055963
array:220	talk.politics.guns	3.621291917779074E-4	talk.politics.mideast	4.742160586537069E-4	talk.politics.misc	0.9991636547495684
array:221	talk.politics.guns	0.02206373118672747	talk.politics.mideast	0.004576842069283362	talk.politics.misc	0.9733594267439892
array:222	talk.politics.guns	0.013265046121693208	talk.politics.mideast	6.042842998558158E-4	talk.politics.misc	0.986130669578451
array:223	talk.politics.guns	0.0056065237044341425	talk.politics.mideast	0.9917068296542906	talk.politics.misc	0.0026866466412751575
array:224	talk.politics.guns	0.002270525201840294	talk.politics.mideast	0.027972733201412	talk.politics.misc	0.9697567415967476
array:225	talk.politics.guns	0.0911585441564563	talk.politics.mideast	0.06617043700268455	talk.politics.misc	0.8426710188408592
array:226	talk.politics.guns	0.0036494059391180946	talk.politics.mideast	0.0010532672324699642	talk.politics.misc	0.995297326828412
array:227	talk.politics.guns	0.14581685476957626	talk.politics.mideast	0.001806687671200515	talk.politics.misc	0.8523764575592233
array:228	talk.politics.guns	0.9657903341698126	talk.politics.mideast	0.00707111057547885	talk.politics.misc	0.027138555254708433
array:229	talk.politics.guns	0.3748587218578928	talk.politics.mideast	0.014274509276560524	talk.politics.misc	0.6108667688655466
array:230	talk.politics.guns	0.037141132835794524	talk.politics.mideast	0.031901688895785804	talk.politics.misc	0.9309571782684197
array:231	talk.politics.guns	0.9485576071179175	talk.politics.mideast	0.005498757682310012	talk.politics.misc	0.045943635199772584
array:232	talk.politics.guns	0.001523146419247639	talk.politics.mideast	0.0013648995575817238	talk.politics.misc	0.9971119540231707
array:233	talk.politics.guns	0.002182236930915695	talk.politics.mideast	4.236799678335271E-4	talk.politics.misc	0.9973940831012508
array:234	talk.politics.guns	0.00447537871825528	talk.politics.mideast	5.963781228412677E-4	talk.politics.misc	0.9949282431589035
array:235	talk.politics.guns	0.886443763465393	talk.politics.mideast	2.518929796729415E-4	talk.politics.misc	0.11330434355493411
array:236	talk.politics.guns	0.02163557700950852	talk.politics.mideast	7.537364551385641E-4	talk.politics.misc	0.977610686535353
array:237	talk.politics.guns	1.387223455665311E-5	talk.politics.mideast	6.89307102785468E-6	talk.politics.misc	0.9999792346944154
array:238	talk.politics.guns	0.4811225885485796	talk.politics.mideast	0.4182929758752274	talk.politics.misc	0.10058443557619287
array:239	talk.politics.guns	0.003337121509493243	talk.politics.mideast	0.012939289657139617	talk.politics.misc	0.9837235888333672
array:240	talk.politics.guns	1.565722776699946E-7	talk.politics.mideast	0.9991997478538124	talk.politics.misc	8.000955739099766E-4
array:241	talk.politics.guns	7.733744311727554E-9	talk.politics.mideast	2.6196363282892994E-6	talk.politics.misc	0.9999973726299274
array:242	talk.politics.guns	0.044737787203214675	talk.politics.mideast	0.002037601337377846	talk.politics.misc	0.9532246114594075
array:243	talk.politics.guns	0.1178496147587717	talk.politics.mideast	0.005971715811221494	talk.politics.misc	0.8761786694300068
array:244	talk.politics.guns	0.0015008929083363254	talk.politics.mideast	0.9866122720863153	talk.politics.misc	0.011886835005348312
array:245	talk.politics.guns	0.08846167663234306	talk.politics.mideast	0.0030562737420590904	talk.politics.misc	0.9084820496255979
array:246	talk.politics.guns	0.002165372925741314	talk.politics.mideast	0.0665539491487671	talk.politics.misc	0.9312806779254915
array:247	talk.politics.guns	0.975776177799446	talk.politics.mideast	1.6268255214792497E-4	talk.politics.misc	0.024061139648406032
array:248	talk.politics.guns	0.02232305889659639	talk.politics.mideast	7.494665147667654E-4	talk.politics.misc	0.9769274745886369
array:249	talk.politics.guns	0.5514859473906303	talk.politics.mideast	0.001765341441610684	talk.politics.misc	0.44674871116775905
array:250	talk.politics.guns	0.5174609982233224	talk.politics.mideast	0.0015675915350796075	talk.politics.misc	0.48097141024159795
array:251	talk.politics.guns	1.8845148000752716E-5	talk.politics.mideast	3.475605778541289E-6	talk.politics.misc	0.9999776792462206
array:252	talk.politics.guns	0.0035417617176631507	talk.politics.mideast	0.00249809582719854	talk.politics.misc	0.9939601424551382
array:253	talk.politics.guns	0.03518337199334397	talk.politics.mideast	0.0014558272441791767	talk.politics.misc	0.9633608007624769
array:254	talk.politics.guns	0.028380911535012737	talk.politics.mideast	0.0032710034873796776	talk.politics.misc	0.9683480849776076
array:255	talk.politics.guns	0.6861231661606646	talk.politics.mideast	0.012447451315273007	talk.politics.misc	0.3014293825240625
array:256	talk.politics.guns	0.09427925551558436	talk.politics.mideast	1.683626734068005E-6	talk.politics.misc	0.9057190608576816
array:257	talk.politics.guns	0.9451886276975557	talk.politics.mideast	5.070859661642167E-4	talk.politics.misc	0.05430428633627999
array:258	talk.politics.guns	0.01200067989581975	talk.politics.mideast	0.0019924981188081748	talk.politics.misc	0.986006821985372
array:259	talk.politics.guns	0.14699600619110495	talk.politics.mideast	0.03165509010711003	talk.politics.misc	0.821348903701785
array:260	talk.politics.guns	4.5162517643623E-4	talk.politics.mideast	1.7100491005530555E-4	talk.politics.misc	0.9993773699135086
array:261	talk.politics.guns	0.34903341236293867	talk.politics.mideast	0.16885712886095927	talk.politics.misc	0.48210945877610195
array:262	talk.politics.guns	4.924037095835252E-4	talk.politics.mideast	1.5124195013156371E-4	talk.politics.misc	0.999356354340285
array:263	talk.politics.guns	0.38082986068766134	talk.politics.mideast	0.05704074812503509	talk.politics.misc	0.5621293911873037
array:264	talk.politics.guns	4.962248454453151E-4	talk.politics.mideast	1.145722264011803E-4	talk.politics.misc	0.9993892029281536
array:265	talk.politics.guns	0.015219530537708038	talk.politics.mideast	7.828982982329853E-4	talk.politics.misc	0.9839975711640588
array:266	talk.politics.guns	0.004990737511598855	talk.politics.mideast	0.005166703450388561	talk.politics.misc	0.9898425590380125
array:267	talk.politics.guns	0.704115417798334	talk.politics.mideast	0.10682618211406386	talk.politics.misc	0.1890584000876022
array:268	talk.politics.guns	0.30580300348029804	talk.politics.mideast	0.039859345902394414	talk.politics.misc	0.6543376506173075
array:269	talk.politics.guns	0.27408934875884006	talk.politics.mideast	0.010611872027951027	talk.politics.misc	0.7152987792132088
array:270	talk.politics.guns	0.8184992854732257	talk.politics.mideast	0.034175602012174115	talk.politics.misc	0.14732511251460026
array:271	talk.politics.guns	0.00815254388980447	talk.politics.mideast	1.9077684838863533E-5	talk.politics.misc	0.9918283784253566
array:272	talk.politics.guns	0.03801735027654336	talk.politics.mideast	0.0829813836705275	talk.politics.misc	0.8790012660529292
array:273	talk.politics.guns	0.9995720388592313	talk.politics.mideast	1.8372270811430516E-4	talk.politics.misc	2.4423843265446876E-4
array:274	talk.politics.guns	0.5452109932535818	talk.politics.mideast	0.04282747218129176	talk.politics.misc	0.41196153456512635
array:275	talk.politics.guns	0.9877336815867368	talk.politics.mideast	5.828522245068478E-5	talk.politics.misc	0.012208033190812427
array:276	talk.politics.guns	0.0740980118404782	talk.politics.mideast	0.0019170382145216928	talk.politics.misc	0.923984949945
array:277	talk.politics.guns	0.003547760854320343	talk.politics.mideast	0.002783137890795777	talk.politics.misc	0.9936691012548838
array:278	talk.politics.guns	0.1244998380060912	talk.politics.mideast	0.5545202341269301	talk.politics.misc	0.32097992786697854
array:279	talk.politics.guns	0.8656398141304484	talk.politics.mideast	0.027611677506609436	talk.politics.misc	0.10674850836294209
array:280	talk.politics.guns	0.9634162208077998	talk.politics.mideast	0.0025753820530049084	talk.politics.misc	0.03400839713919511
array:281	talk.politics.guns	0.01704923500295264	talk.politics.mideast	0.3551876471587842	talk.politics.misc	0.6277631178382631
array:282	talk.politics.guns	0.042527453083844084	talk.politics.mideast	0.004041620530186651	talk.politics.misc	0.9534309263859693
array:283	talk.politics.guns	0.004620005293159568	talk.politics.mideast	3.34307618194773E-6	talk.politics.misc	0.9953766516306584
array:284	talk.politics.guns	0.27478542415104074	talk.politics.mideast	2.8231430101139044E-4	talk.politics.misc	0.7249322615479479
array:285	talk.politics.guns	0.012815316581056299	talk.politics.mideast	0.011548614947115336	talk.politics.misc	0.9756360684718284
array:286	talk.politics.guns	0.36880236504768926	talk.politics.mideast	1.860972183269054E-4	talk.politics.misc	0.6310115377339839
array:287	talk.politics.guns	0.003210933295276126	talk.politics.mideast	0.0012428297204269472	talk.politics.misc	0.995546236984297
array:288	talk.politics.guns	0.020065045535725995	talk.politics.mideast	6.278255102014375E-4	talk.politics.misc	0.9793071289540725
array:289	talk.politics.guns	0.5057397592194907	talk.politics.mideast	8.217765757751738E-4	talk.politics.misc	0.49343846420473425
array:290	talk.politics.guns	1.7476527347696816E-4	talk.politics.mideast	6.167474979650766E-5	talk.politics.misc	0.9997635599767265
array:291	talk.politics.guns	2.9888852950772985E-4	talk.politics.mideast	2.5324042701132908E-6	talk.politics.misc	0.9996985790662221
array:292	talk.politics.guns	1.0612411962939381E-5	talk.politics.mideast	8.2761431217084E-6	talk.politics.misc	0.9999811114449154
array:293	talk.politics.guns	6.380531627985095E-5	talk.politics.mideast	0.007458414844612434	talk.politics.misc	0.9924777798391077
array:294	talk.politics.guns	8.483460550165974E-5	talk.politics.mideast	3.7544728819932204E-4	talk.politics.misc	0.9995397181062989
array:295	talk.politics.guns	0.05479040085798177	talk.politics.mideast	0.0017512762572541726	talk.politics.misc	0.9434583228847641
array:296	talk.politics.guns	1.316817354263853E-4	talk.politics.mideast	1.8845042182013575E-6	talk.politics.misc	0.9998664337603554
array:297	talk.politics.guns	7.507232920320742E-5	talk.politics.mideast	4.219818921854966E-5	talk.politics.misc	0.9998827294815783
array:298	talk.politics.guns	0.5167259451870275	talk.politics.mideast	0.032389484760396964	talk.politics.misc	0.45088457005257554
array:299	talk.politics.guns	4.357016928915618E-4	talk.politics.mideast	2.7358203005645903E-4	talk.politics.misc	0.9992907162770519
