
-------------------- Trial 0  --------------------

Trial 0 Training MaxEntTrainer,gaussianPriorVariance=1.0 with 2700 instances
Trial 0 Training MaxEntTrainer,gaussianPriorVariance=1.0 finished
Trial 0 Trainer MaxEntTrainer,gaussianPriorVariance=1.0
 Raw Testing Data
array:0 talk.politics.guns talk.politics.guns:0.8012148702273543 talk.politics.misc:0.14105253181364905 talk.politics.mideast:0.05773259795899677 
array:1 talk.politics.guns talk.politics.guns:0.9476375413245092 talk.politics.mideast:0.041715637014952726 talk.politics.misc:0.010646821660538111 
array:2 talk.politics.guns talk.politics.guns:0.6679659672989002 talk.politics.misc:0.29167727736559307 talk.politics.mideast:0.04035675533550685 
array:3 talk.politics.guns talk.politics.guns:0.9999920044334235 talk.politics.misc:7.950230357015515E-6 talk.politics.mideast:4.5336219468194825E-8 
array:4 talk.politics.guns talk.politics.guns:0.9999924905584635 talk.politics.misc:7.466230121033785E-6 talk.politics.mideast:4.3211415412902554E-8 
array:5 talk.politics.guns talk.politics.misc:0.5970886111147989 talk.politics.guns:0.3967663993534778 talk.politics.mideast:0.006144989531723297 
array:6 talk.politics.guns talk.politics.misc:0.5433348726459817 talk.politics.guns:0.34580102376733274 talk.politics.mideast:0.1108641035866855 
array:7 talk.politics.guns talk.politics.guns:0.6604860424371409 talk.politics.misc:0.25705494798593365 talk.politics.mideast:0.08245900957692555 
array:8 talk.politics.guns talk.politics.guns:0.8256109434072364 talk.politics.misc:0.17419514730495309 talk.politics.mideast:1.9390928781046635E-4 
array:9 talk.politics.guns talk.politics.guns:0.689769565181613 talk.politics.misc:0.3102144277215479 talk.politics.mideast:1.6007096839069645E-5 
array:10 talk.politics.guns talk.politics.guns:0.9945931820634242 talk.politics.misc:0.004533772182954607 talk.politics.mideast:8.730457536210868E-4 
array:11 talk.politics.guns talk.politics.guns:0.9871163268139524 talk.politics.misc:0.007423275480412691 talk.politics.mideast:0.00546039770563485 
array:12 talk.politics.guns talk.politics.guns:0.9999754626331224 talk.politics.misc:2.4512169142468523E-5 talk.politics.mideast:2.5197735159692644E-8 
array:13 talk.politics.guns talk.politics.guns:0.9990192765466155 talk.politics.mideast:6.936276944973826E-4 talk.politics.misc:2.870957588872691E-4 
array:14 talk.politics.guns talk.politics.guns:0.7175109191998115 talk.politics.misc:0.21548361161789 talk.politics.mideast:0.0670054691822985 
array:15 talk.politics.guns talk.politics.guns:0.9963239666891603 talk.politics.mideast:0.0033691877773252563 talk.politics.misc:3.068455335144392E-4 
array:16 talk.politics.guns talk.politics.guns:0.968523640412981 talk.politics.misc:0.025960333595160996 talk.politics.mideast:0.005516025991858063 
array:17 talk.politics.guns talk.politics.guns:0.9999969025411761 talk.politics.misc:3.0058243904751794E-6 talk.politics.mideast:9.163443361964156E-8 
array:18 talk.politics.guns talk.politics.guns:0.8236053417526477 talk.politics.mideast:0.10865898627115896 talk.politics.misc:0.06773567197619333 
array:19 talk.politics.guns talk.politics.guns:0.992131284542295 talk.politics.misc:0.007840520817962068 talk.politics.mideast:2.8194639743011585E-5 
array:20 talk.politics.guns talk.politics.guns:0.7571720329646204 talk.politics.misc:0.23685203525726947 talk.politics.mideast:0.0059759317781100515 
array:21 talk.politics.guns talk.politics.misc:0.5769421700059071 talk.politics.guns:0.3694014585766004 talk.politics.mideast:0.0536563714174925 
array:22 talk.politics.guns talk.politics.guns:0.9346806378469589 talk.politics.misc:0.06526445302116167 talk.politics.mideast:5.490913187948744E-5 
array:23 talk.politics.guns talk.politics.guns:0.8583956565489688 talk.politics.mideast:0.12452675127301212 talk.politics.misc:0.017077592178019116 
array:24 talk.politics.guns talk.politics.guns:0.8900855653126785 talk.politics.mideast:0.05565258927890494 talk.politics.misc:0.05426184540841653 
array:25 talk.politics.guns talk.politics.guns:0.8691150621813271 talk.politics.misc:0.13045316113666364 talk.politics.mideast:4.3177668200936286E-4 
array:26 talk.politics.guns talk.politics.guns:0.978315930646699 talk.politics.misc:0.021190029277742817 talk.politics.mideast:4.940400755582436E-4 
array:27 talk.politics.guns talk.politics.guns:0.8579637820515301 talk.politics.misc:0.11765072511181435 talk.politics.mideast:0.024385492836655503 
array:28 talk.politics.guns talk.politics.guns:0.9868070696422132 talk.politics.misc:0.013112679410585238 talk.politics.mideast:8.025094720158411E-5 
array:29 talk.politics.guns talk.politics.guns:0.9365736368022287 talk.politics.misc:0.06342567500612703 talk.politics.mideast:6.881916442420323E-7 
array:30 talk.politics.guns talk.politics.guns:0.9892389329153825 talk.politics.misc:0.0077816952559782515 talk.politics.mideast:0.002979371828639244 
array:31 talk.politics.guns talk.politics.guns:0.7974039991679944 talk.politics.misc:0.1705564454756891 talk.politics.mideast:0.03203955535631627 
array:32 talk.politics.guns talk.politics.guns:0.6255805211975666 talk.politics.misc:0.3558582247430773 talk.politics.mideast:0.018561254059355974 
array:33 talk.politics.guns talk.politics.guns:0.9993044880294546 talk.politics.misc:6.938667714933122E-4 talk.politics.mideast:1.6451990521275071E-6 
array:34 talk.politics.guns talk.politics.guns:0.8362322265535498 talk.politics.misc:0.14910945185360666 talk.politics.mideast:0.014658321592843535 
array:35 talk.politics.guns talk.politics.guns:0.9844235899302671 talk.politics.misc:0.010388039115989517 talk.politics.mideast:0.00518837095374332 
array:36 talk.politics.guns talk.politics.guns:0.9998231250696414 talk.politics.misc:1.7617551633352396E-4 talk.politics.mideast:6.99414024923667E-7 
array:37 talk.politics.guns talk.politics.guns:0.999877069317525 talk.politics.misc:9.147325998459647E-5 talk.politics.mideast:3.1457422490451024E-5 
array:38 talk.politics.guns talk.politics.guns:0.43176528011269955 talk.politics.misc:0.2987288806057351 talk.politics.mideast:0.26950583928156535 
array:39 talk.politics.guns talk.politics.guns:0.9796086505381085 talk.politics.mideast:0.010811585104311046 talk.politics.misc:0.009579764357580501 
array:40 talk.politics.guns talk.politics.guns:0.9582027050961094 talk.politics.misc:0.04096931143188531 talk.politics.mideast:8.279834720053005E-4 
array:41 talk.politics.guns talk.politics.guns:0.7310776856315601 talk.politics.misc:0.25380769202062814 talk.politics.mideast:0.015114622347811746 
array:42 talk.politics.guns talk.politics.guns:0.9998926859296117 talk.politics.misc:7.867420811839158E-5 talk.politics.mideast:2.8639862269926777E-5 
array:43 talk.politics.guns talk.politics.guns:0.9829630001471932 talk.politics.misc:0.017020713651941147 talk.politics.mideast:1.628620086576857E-5 
array:44 talk.politics.guns talk.politics.misc:0.4509823361670354 talk.politics.guns:0.42158693669782576 talk.politics.mideast:0.1274307271351389 
array:45 talk.politics.guns talk.politics.guns:0.8380182845141743 talk.politics.misc:0.08772043378640322 talk.politics.mideast:0.07426128169942257 
array:46 talk.politics.guns talk.politics.guns:0.9241149816708694 talk.politics.misc:0.06617874842900084 talk.politics.mideast:0.009706269900129898 
array:47 talk.politics.guns talk.politics.guns:0.9997817256696421 talk.politics.misc:2.0766413638142933E-4 talk.politics.mideast:1.061019397648568E-5 
array:48 talk.politics.guns talk.politics.mideast:0.36695236418210386 talk.politics.misc:0.3589364033231779 talk.politics.guns:0.27411123249471825 
array:49 talk.politics.guns talk.politics.guns:0.9998807651306971 talk.politics.misc:1.1899224083289496E-4 talk.politics.mideast:2.426284698455482E-7 
array:50 talk.politics.guns talk.politics.misc:0.8513531508926749 talk.politics.guns:0.08630270980206528 talk.politics.mideast:0.0623441393052598 
array:51 talk.politics.guns talk.politics.misc:0.8513531508926749 talk.politics.guns:0.08630270980206528 talk.politics.mideast:0.0623441393052598 
array:52 talk.politics.guns talk.politics.misc:0.8513531508926749 talk.politics.guns:0.08630270980206528 talk.politics.mideast:0.0623441393052598 
array:53 talk.politics.guns talk.politics.misc:0.8513531508926749 talk.politics.guns:0.08630270980206528 talk.politics.mideast:0.0623441393052598 
array:54 talk.politics.guns talk.politics.guns:0.9038609206131925 talk.politics.mideast:0.08043579147197877 talk.politics.misc:0.01570328791482881 
array:55 talk.politics.guns talk.politics.misc:0.8513531508926749 talk.politics.guns:0.08630270980206528 talk.politics.mideast:0.0623441393052598 
array:56 talk.politics.guns talk.politics.guns:0.9993453798725548 talk.politics.misc:6.439319871579982E-4 talk.politics.mideast:1.068814028727879E-5 
array:57 talk.politics.guns talk.politics.guns:0.9996513477264567 talk.politics.misc:3.467595133855386E-4 talk.politics.mideast:1.89276015773309E-6 
array:58 talk.politics.guns talk.politics.guns:0.6848129519761428 talk.politics.misc:0.30806584665740466 talk.politics.mideast:0.007121201366452579 
array:59 talk.politics.guns talk.politics.guns:0.8671034324327138 talk.politics.mideast:0.08647171950528294 talk.politics.misc:0.046424848062003365 
array:60 talk.politics.guns talk.politics.misc:0.6562182308962177 talk.politics.guns:0.33594025662220894 talk.politics.mideast:0.007841512481573377 
array:61 talk.politics.guns talk.politics.guns:0.9947782207339567 talk.politics.misc:0.004794301499747055 talk.politics.mideast:4.274777662962729E-4 
array:62 talk.politics.guns talk.politics.guns:0.6845971300387862 talk.politics.misc:0.2210226576793356 talk.politics.mideast:0.0943802122818783 
array:63 talk.politics.guns talk.politics.guns:0.9994606967573748 talk.politics.misc:3.954451082924098E-4 talk.politics.mideast:1.4385813433274173E-4 
array:64 talk.politics.guns talk.politics.guns:0.8206330049188874 talk.politics.misc:0.17935556327135904 talk.politics.mideast:1.143180975360803E-5 
array:65 talk.politics.guns talk.politics.guns:0.8481480478195518 talk.politics.mideast:0.12033492416733527 talk.politics.misc:0.03151702801311301 
array:66 talk.politics.guns talk.politics.guns:0.9996487397261505 talk.politics.misc:3.4761800345881505E-4 talk.politics.mideast:3.642270390532968E-6 
array:67 talk.politics.guns talk.politics.misc:0.5395015439909774 talk.politics.guns:0.3552053948462788 talk.politics.mideast:0.10529306116274377 
array:68 talk.politics.guns talk.politics.misc:0.6741860794088385 talk.politics.guns:0.30819334672047854 talk.politics.mideast:0.017620573870683044 
array:69 talk.politics.guns talk.politics.guns:0.7266342158740091 talk.politics.misc:0.2604210874373606 talk.politics.mideast:0.012944696688630374 
array:70 talk.politics.guns talk.politics.guns:0.9927369097429675 talk.politics.misc:0.007213437615981545 talk.politics.mideast:4.9652641051074344E-5 
array:71 talk.politics.guns talk.politics.guns:0.9820119880278055 talk.politics.misc:0.014455069317577486 talk.politics.mideast:0.003532942654617016 
array:72 talk.politics.guns talk.politics.misc:0.8917101389822653 talk.politics.mideast:0.10037591187513349 talk.politics.guns:0.007913949142601292 
array:73 talk.politics.guns talk.politics.guns:0.9613754989530731 talk.politics.mideast:0.033830932527889414 talk.politics.misc:0.004793568519037713 
array:74 talk.politics.guns talk.politics.guns:0.9568208547366144 talk.politics.misc:0.028432650392666903 talk.politics.mideast:0.014746494870718753 
array:75 talk.politics.guns talk.politics.misc:0.8340072574126257 talk.politics.guns:0.16210129610989982 talk.politics.mideast:0.0038914464774744083 
array:76 talk.politics.guns talk.politics.misc:0.527957887602606 talk.politics.guns:0.35135174925539836 talk.politics.mideast:0.1206903631419957 
array:77 talk.politics.guns talk.politics.guns:0.9863516322900259 talk.politics.mideast:0.011896558400295711 talk.politics.misc:0.0017518093096784784 
array:78 talk.politics.guns talk.politics.guns:0.9999363628670686 talk.politics.mideast:5.3320138319604046E-5 talk.politics.misc:1.0316994612001138E-5 
array:79 talk.politics.guns talk.politics.guns:0.9946188318408669 talk.politics.misc:0.005347613312243441 talk.politics.mideast:3.3554846889572614E-5 
array:80 talk.politics.guns talk.politics.guns:0.9942086774431046 talk.politics.misc:0.002966541279002904 talk.politics.mideast:0.0028247812778923152 
array:81 talk.politics.guns talk.politics.guns:0.9883927416545693 talk.politics.misc:0.010924134590572267 talk.politics.mideast:6.831237548583039E-4 
array:82 talk.politics.guns talk.politics.guns:0.9932213526957038 talk.politics.misc:0.005039145857525642 talk.politics.mideast:0.0017395014467707346 
array:83 talk.politics.guns talk.politics.guns:0.7308690784803353 talk.politics.misc:0.2520588210145215 talk.politics.mideast:0.017072100505142972 
array:84 talk.politics.guns talk.politics.guns:0.964883161383269 talk.politics.misc:0.030024934039597342 talk.politics.mideast:0.005091904577133672 
array:85 talk.politics.guns talk.politics.guns:0.6318014305066852 talk.politics.misc:0.3648502975102644 talk.politics.mideast:0.003348271983050499 
array:86 talk.politics.guns talk.politics.misc:0.946735621419616 talk.politics.guns:0.04318196733150485 talk.politics.mideast:0.01008241124887902 
array:87 talk.politics.guns talk.politics.guns:0.9972524262811759 talk.politics.mideast:0.0018108981545360853 talk.politics.misc:9.366755642878414E-4 
array:88 talk.politics.guns talk.politics.guns:0.6918135028036745 talk.politics.mideast:0.20057822219594332 talk.politics.misc:0.10760827500038224 
array:89 talk.politics.guns talk.politics.guns:0.9928972635979035 talk.politics.misc:0.005192506911248543 talk.politics.mideast:0.0019102294908479257 
array:90 talk.politics.guns talk.politics.misc:0.7973105774189675 talk.politics.mideast:0.1867676710978716 talk.politics.guns:0.01592175148316094 
array:91 talk.politics.guns talk.politics.guns:0.49298585272798295 talk.politics.misc:0.4186961487167657 talk.politics.mideast:0.08831799855525128 
array:92 talk.politics.guns talk.politics.misc:0.6367059580339843 talk.politics.guns:0.1983750639222672 talk.politics.mideast:0.16491897804374842 
array:93 talk.politics.guns talk.politics.guns:0.9994021300418959 talk.politics.misc:5.959228970591304E-4 talk.politics.mideast:1.947061045045662E-6 
array:94 talk.politics.guns talk.politics.guns:0.9591934826500669 talk.politics.misc:0.03956486775680635 talk.politics.mideast:0.0012416495931269569 
array:95 talk.politics.guns talk.politics.guns:0.9241678745870839 talk.politics.misc:0.06346248858805643 talk.politics.mideast:0.012369636824859693 
array:96 talk.politics.guns talk.politics.guns:0.8942542326991766 talk.politics.misc:0.06840878234594983 talk.politics.mideast:0.037336984954873455 
array:97 talk.politics.guns talk.politics.guns:0.8908980987252858 talk.politics.misc:0.08391234580757201 talk.politics.mideast:0.025189555467142216 
array:98 talk.politics.guns talk.politics.guns:0.9939606752636173 talk.politics.misc:0.0033036415779422097 talk.politics.mideast:0.0027356831584405064 
array:99 talk.politics.guns talk.politics.guns:0.8041495410098538 talk.politics.misc:0.18885290980477126 talk.politics.mideast:0.006997549185374841 
array:100 talk.politics.mideast talk.politics.guns:0.5331397690949694 talk.politics.mideast:0.2824062379520963 talk.politics.misc:0.18445399295293427 
array:101 talk.politics.mideast talk.politics.mideast:0.9070376134828326 talk.politics.misc:0.07105458397033967 talk.politics.guns:0.021907802546827598 
array:102 talk.politics.mideast talk.politics.mideast:0.9997471800831398 talk.politics.misc:2.3626612268373966E-4 talk.politics.guns:1.655379417644154E-5 
array:103 talk.politics.mideast talk.politics.mideast:0.9999310399411284 talk.politics.misc:5.3606270201691155E-5 talk.politics.guns:1.5353788669918103E-5 
array:104 talk.politics.mideast talk.politics.mideast:0.9979891316536148 talk.politics.guns:0.001733179121630509 talk.politics.misc:2.7768922475464666E-4 
array:105 talk.politics.mideast talk.politics.mideast:0.5230567482207269 talk.politics.misc:0.4521173437187456 talk.politics.guns:0.02482590806052748 
array:106 talk.politics.mideast talk.politics.mideast:0.9257170834182047 talk.politics.misc:0.05519254459765852 talk.politics.guns:0.019090371984136857 
array:107 talk.politics.mideast talk.politics.mideast:0.9622426117653042 talk.politics.misc:0.03774543064989944 talk.politics.guns:1.1957584796201306E-5 
array:108 talk.politics.mideast talk.politics.mideast:0.9987432399287626 talk.politics.misc:0.001125813678156267 talk.politics.guns:1.3094639308103336E-4 
array:109 talk.politics.mideast talk.politics.mideast:0.9972456618848922 talk.politics.misc:0.002673154263176165 talk.politics.guns:8.118385193181001E-5 
array:110 talk.politics.mideast talk.politics.mideast:0.9997429060908324 talk.politics.misc:2.3846300575969663E-4 talk.politics.guns:1.863090340793416E-5 
array:111 talk.politics.mideast talk.politics.mideast:0.9989419220400153 talk.politics.guns:5.794692531384721E-4 talk.politics.misc:4.7860870684611283E-4 
array:112 talk.politics.mideast talk.politics.mideast:0.6237790657583193 talk.politics.misc:0.20618425119792838 talk.politics.guns:0.17003668304375238 
array:113 talk.politics.mideast talk.politics.mideast:0.9263020159161925 talk.politics.misc:0.05241606768421384 talk.politics.guns:0.021281916399593436 
array:114 talk.politics.mideast talk.politics.mideast:0.9959087648249433 talk.politics.misc:0.003122208046197168 talk.politics.guns:9.690271288595563E-4 
array:115 talk.politics.mideast talk.politics.mideast:0.9993331912939253 talk.politics.misc:6.052068393692002E-4 talk.politics.guns:6.160186670548568E-5 
array:116 talk.politics.mideast talk.politics.mideast:0.9617639111227919 talk.politics.misc:0.023969372654001165 talk.politics.guns:0.014266716223206933 
array:117 talk.politics.mideast talk.politics.misc:0.5037554383643277 talk.politics.guns:0.3030224803588935 talk.politics.mideast:0.1932220812767788 
array:118 talk.politics.mideast talk.politics.mideast:0.9999947033842654 talk.politics.misc:5.268555919729494E-6 talk.politics.guns:2.8059814789025383E-8 
array:119 talk.politics.mideast talk.politics.mideast:0.9468141757015295 talk.politics.misc:0.05092031590062029 talk.politics.guns:0.0022655083978503606 
array:120 talk.politics.mideast talk.politics.mideast:0.9993281683588964 talk.politics.misc:6.598148693077658E-4 talk.politics.guns:1.2016771795990654E-5 
array:121 talk.politics.mideast talk.politics.misc:0.6825003680770854 talk.politics.mideast:0.23559721480493923 talk.politics.guns:0.08190241711797544 
array:122 talk.politics.mideast talk.politics.mideast:0.9905258053438382 talk.politics.misc:0.008745225884806392 talk.politics.guns:7.289687713554288E-4 
array:123 talk.politics.mideast talk.politics.mideast:0.9973932130940815 talk.politics.misc:0.0023443109088043586 talk.politics.guns:2.624759971142073E-4 
array:124 talk.politics.mideast talk.politics.mideast:0.9999924656887454 talk.politics.misc:7.528839758476865E-6 talk.politics.guns:5.471496016909866E-9 
array:125 talk.politics.mideast talk.politics.mideast:0.9992414347708888 talk.politics.guns:5.029185145872042E-4 talk.politics.misc:2.5564671452401444E-4 
array:126 talk.politics.mideast talk.politics.mideast:0.9999065139192126 talk.politics.misc:9.327791015779231E-5 talk.politics.guns:2.0817062960396003E-7 
array:127 talk.politics.mideast talk.politics.mideast:0.990663659739415 talk.politics.misc:0.009325863564893682 talk.politics.guns:1.047669569137227E-5 
array:128 talk.politics.mideast talk.politics.mideast:0.9999993297306039 talk.politics.misc:5.895087931565231E-7 talk.politics.guns:8.076060296958737E-8 
array:129 talk.politics.mideast talk.politics.mideast:0.985671145025851 talk.politics.misc:0.012816651136234083 talk.politics.guns:0.0015122038379150663 
array:130 talk.politics.mideast talk.politics.mideast:0.5596800906278182 talk.politics.guns:0.4159733470006156 talk.politics.misc:0.024346562371566176 
array:131 talk.politics.mideast talk.politics.mideast:0.6331230290246274 talk.politics.misc:0.36553686231071164 talk.politics.guns:0.0013401086646609725 
array:132 talk.politics.mideast talk.politics.misc:0.7658108827175105 talk.politics.mideast:0.19018827919854914 talk.politics.guns:0.044000838083940244 
array:133 talk.politics.mideast talk.politics.mideast:0.8440045486006792 talk.politics.guns:0.11062643399542313 talk.politics.misc:0.045369017403897476 
array:134 talk.politics.mideast talk.politics.mideast:0.9988029648079326 talk.politics.misc:0.001165547831743147 talk.politics.guns:3.1487360324118726E-5 
array:135 talk.politics.mideast talk.politics.mideast:0.8465604529686858 talk.politics.misc:0.1529586421385979 talk.politics.guns:4.8090489271642925E-4 
array:136 talk.politics.mideast talk.politics.mideast:0.999982795696139 talk.politics.misc:1.7203334973161454E-5 talk.politics.guns:9.688879350083264E-10 
array:137 talk.politics.mideast talk.politics.mideast:0.9887401974574243 talk.politics.misc:0.0056650590254131205 talk.politics.guns:0.0055947435171626175 
array:138 talk.politics.mideast talk.politics.mideast:0.9984055190641011 talk.politics.misc:0.0015741559663092115 talk.politics.guns:2.032496958952391E-5 
array:139 talk.politics.mideast talk.politics.mideast:0.9934004590094639 talk.politics.misc:0.006596253946832559 talk.politics.guns:3.287043703409211E-6 
array:140 talk.politics.mideast talk.politics.mideast:0.999945605827463 talk.politics.misc:4.914902027576013E-5 talk.politics.guns:5.245152261378069E-6 
array:141 talk.politics.mideast talk.politics.mideast:0.999719744548123 talk.politics.misc:2.7841112613717883E-4 talk.politics.guns:1.8443257400004689E-6 
array:142 talk.politics.mideast talk.politics.mideast:0.9988038954250292 talk.politics.guns:0.0011861527464799369 talk.politics.misc:9.951828490810524E-6 
array:143 talk.politics.mideast talk.politics.mideast:0.9999999048487176 talk.politics.misc:9.498806540723727E-8 talk.politics.guns:1.6321698036111476E-10 
array:144 talk.politics.mideast talk.politics.misc:0.9750983622172144 talk.politics.guns:0.01755211550153146 talk.politics.mideast:0.007349522281254182 
array:145 talk.politics.mideast talk.politics.mideast:0.9998925565087231 talk.politics.misc:1.0682235315638101E-4 talk.politics.guns:6.211381205540236E-7 
array:146 talk.politics.mideast talk.politics.mideast:0.9995244613595802 talk.politics.misc:4.6892222723996446E-4 talk.politics.guns:6.616413179883347E-6 
array:147 talk.politics.mideast talk.politics.mideast:0.9992267924247639 talk.politics.misc:7.161393222008811E-4 talk.politics.guns:5.7068253035318735E-5 
array:148 talk.politics.mideast talk.politics.mideast:0.9644033802873073 talk.politics.misc:0.03557444867197257 talk.politics.guns:2.2171040719965006E-5 
array:149 talk.politics.mideast talk.politics.mideast:0.6367141654036482 talk.politics.misc:0.32322007592381014 talk.politics.guns:0.04006575867254173 
array:150 talk.politics.mideast talk.politics.mideast:0.9997793569167542 talk.politics.misc:1.7922934312044464E-4 talk.politics.guns:4.141374012526759E-5 
array:151 talk.politics.mideast talk.politics.mideast:0.9410509826928224 talk.politics.misc:0.05611100601653025 talk.politics.guns:0.0028380112906473106 
array:152 talk.politics.mideast talk.politics.mideast:0.659572858852546 talk.politics.misc:0.2487157916303248 talk.politics.guns:0.09171134951712932 
array:153 talk.politics.mideast talk.politics.mideast:0.9992542625329295 talk.politics.misc:4.8002816671777757E-4 talk.politics.guns:2.6570930035269333E-4 
array:154 talk.politics.mideast talk.politics.mideast:0.9997607969130557 talk.politics.misc:2.2310276903998074E-4 talk.politics.guns:1.6100317904175286E-5 
array:155 talk.politics.mideast talk.politics.mideast:0.9999134595857854 talk.politics.misc:8.452408644684028E-5 talk.politics.guns:2.0163277677197274E-6 
array:156 talk.politics.mideast talk.politics.mideast:0.9910929155281951 talk.politics.misc:0.005310450249755084 talk.politics.guns:0.0035966342220498824 
array:157 talk.politics.mideast talk.politics.mideast:0.9999928264718766 talk.politics.guns:3.727039901220022E-6 talk.politics.misc:3.4464882220037945E-6 
array:158 talk.politics.mideast talk.politics.mideast:0.9999995206708022 talk.politics.misc:4.7655717994011044E-7 talk.politics.guns:2.7720177620403262E-9 
array:159 talk.politics.mideast talk.politics.mideast:0.9997746283338842 talk.politics.guns:1.8276069428366254E-4 talk.politics.misc:4.261097183200236E-5 
array:160 talk.politics.mideast talk.politics.mideast:0.9977671733557979 talk.politics.misc:0.0022317285509431332 talk.politics.guns:1.098093258995392E-6 
array:161 talk.politics.mideast talk.politics.mideast:0.966418258423799 talk.politics.guns:0.02048744430547793 talk.politics.misc:0.01309429727072318 
array:162 talk.politics.mideast talk.politics.mideast:0.9996996621932549 talk.politics.guns:1.7814671902824063E-4 talk.politics.misc:1.2219108771686427E-4 
array:163 talk.politics.mideast talk.politics.mideast:0.9999929339054743 talk.politics.misc:6.804870527460143E-6 talk.politics.guns:2.6122399822621386E-7 
array:164 talk.politics.mideast talk.politics.mideast:0.9995971471106674 talk.politics.misc:4.0219242388792335E-4 talk.politics.guns:6.604654447202686E-7 
array:165 talk.politics.mideast talk.politics.mideast:0.9996375814379015 talk.politics.misc:3.153196315347815E-4 talk.politics.guns:4.709893056361034E-5 
array:166 talk.politics.mideast talk.politics.mideast:0.9998487704943768 talk.politics.misc:1.4695220536666193E-4 talk.politics.guns:4.2773002567244255E-6 
array:167 talk.politics.mideast talk.politics.mideast:0.9792737789206265 talk.politics.misc:0.020611692415937195 talk.politics.guns:1.145286634363898E-4 
array:168 talk.politics.mideast talk.politics.mideast:0.993034213128427 talk.politics.misc:0.006524261160963537 talk.politics.guns:4.415257106095171E-4 
array:169 talk.politics.mideast talk.politics.mideast:0.9997507193901658 talk.politics.misc:2.483396819135368E-4 talk.politics.guns:9.409279205868647E-7 
array:170 talk.politics.mideast talk.politics.mideast:0.9999642815233711 talk.politics.misc:3.550960058356617E-5 talk.politics.guns:2.088760453642081E-7 
array:171 talk.politics.mideast talk.politics.mideast:0.9986956199984415 talk.politics.misc:7.279548560440225E-4 talk.politics.guns:5.764251455144227E-4 
array:172 talk.politics.mideast talk.politics.mideast:0.9637898415800537 talk.politics.misc:0.026224590471005605 talk.politics.guns:0.009985567948940836 
array:173 talk.politics.mideast talk.politics.mideast:0.9999837250406804 talk.politics.misc:1.4242412984108993E-5 talk.politics.guns:2.032546335226464E-6 
array:174 talk.politics.mideast talk.politics.mideast:0.9742618600143693 talk.politics.misc:0.023850706624466596 talk.politics.guns:0.0018874333611640375 
array:175 talk.politics.mideast talk.politics.mideast:0.9971238522452589 talk.politics.misc:0.0014597231787781722 talk.politics.guns:0.0014164245759629808 
array:176 talk.politics.mideast talk.politics.mideast:0.988503556576676 talk.politics.guns:0.010723967848410272 talk.politics.misc:7.724755749139139E-4 
array:177 talk.politics.mideast talk.politics.mideast:0.9974952623404532 talk.politics.misc:0.002484309831539694 talk.politics.guns:2.0427828007077913E-5 
array:178 talk.politics.mideast talk.politics.mideast:0.9891114190854762 talk.politics.misc:0.010837593550006346 talk.politics.guns:5.098736451763669E-5 
array:179 talk.politics.mideast talk.politics.mideast:0.9994541948042464 talk.politics.misc:4.931566451246193E-4 talk.politics.guns:5.2648550628971795E-5 
array:180 talk.politics.mideast talk.politics.mideast:0.9723114306746012 talk.politics.misc:0.026789280156415633 talk.politics.guns:8.992891689832267E-4 
array:181 talk.politics.mideast talk.politics.mideast:0.9424711227152844 talk.politics.misc:0.035091161331061244 talk.politics.guns:0.022437715953654402 
array:182 talk.politics.mideast talk.politics.mideast:0.9962970719888322 talk.politics.misc:0.00366976546399264 talk.politics.guns:3.316254717512081E-5 
array:183 talk.politics.mideast talk.politics.mideast:0.9998743344280852 talk.politics.misc:1.240436974339233E-4 talk.politics.guns:1.6218744809091108E-6 
array:184 talk.politics.mideast talk.politics.mideast:0.9999965525389362 talk.politics.misc:3.4435532139805808E-6 talk.politics.guns:3.9078498734821516E-9 
array:185 talk.politics.mideast talk.politics.mideast:0.9946590416273072 talk.politics.misc:0.0053396008946191365 talk.politics.guns:1.3574780734844883E-6 
array:186 talk.politics.mideast talk.politics.mideast:0.9664732107705426 talk.politics.misc:0.03352624945106934 talk.politics.guns:5.397783880603915E-7 
array:187 talk.politics.mideast talk.politics.mideast:0.9972791052782174 talk.politics.misc:0.0027197656151147992 talk.politics.guns:1.1291066679948701E-6 
array:188 talk.politics.mideast talk.politics.mideast:0.9620999301360285 talk.politics.misc:0.020099984666763982 talk.politics.guns:0.017800085197207677 
array:189 talk.politics.mideast talk.politics.guns:0.7355395175038025 talk.politics.mideast:0.19140108186034885 talk.politics.misc:0.07305940063584848 
array:190 talk.politics.mideast talk.politics.mideast:0.9505377617198625 talk.politics.misc:0.031210433330441302 talk.politics.guns:0.018251804949696155 
array:191 talk.politics.mideast talk.politics.guns:0.5033756973129194 talk.politics.mideast:0.4084468265228483 talk.politics.misc:0.08817747616423212 
array:192 talk.politics.mideast talk.politics.mideast:0.9984584871942429 talk.politics.misc:0.0015353016979393907 talk.politics.guns:6.211107817575095E-6 
array:193 talk.politics.mideast talk.politics.mideast:0.945836560500834 talk.politics.guns:0.04508368533710049 talk.politics.misc:0.009079754162065707 
array:194 talk.politics.mideast talk.politics.mideast:0.9754531574596905 talk.politics.guns:0.016492367597585704 talk.politics.misc:0.008054474942723704 
array:195 talk.politics.mideast talk.politics.mideast:0.9484373662475167 talk.politics.misc:0.04189147437955727 talk.politics.guns:0.009671159372925914 
array:196 talk.politics.mideast talk.politics.mideast:0.6705081009746455 talk.politics.misc:0.21160740447962503 talk.politics.guns:0.11788449454572943 
array:197 talk.politics.mideast talk.politics.mideast:0.6770472328844741 talk.politics.misc:0.31077138341638877 talk.politics.guns:0.012181383699137172 
array:198 talk.politics.mideast talk.politics.mideast:0.6916960893387627 talk.politics.misc:0.2588410251887109 talk.politics.guns:0.0494628854725265 
array:199 talk.politics.mideast talk.politics.mideast:0.9366768865011759 talk.politics.misc:0.06324636463789746 talk.politics.guns:7.674886092669885E-5 
array:200 talk.politics.misc talk.politics.guns:0.9960212820101852 talk.politics.mideast:0.00387153143016124 talk.politics.misc:1.0718655965351221E-4 
array:201 talk.politics.misc talk.politics.misc:0.9997043374099082 talk.politics.mideast:2.829996206293764E-4 talk.politics.guns:1.2662969462528908E-5 
array:202 talk.politics.misc talk.politics.misc:0.9989438731064558 talk.politics.guns:7.293803167978932E-4 talk.politics.mideast:3.267465767463242E-4 
array:203 talk.politics.misc talk.politics.misc:0.9957901012028475 talk.politics.mideast:0.00333001429878184 talk.politics.guns:8.798844983705398E-4 
array:204 talk.politics.misc talk.politics.misc:0.9729168816995372 talk.politics.guns:0.024143226384374755 talk.politics.mideast:0.002939891916088051 
array:205 talk.politics.misc talk.politics.misc:0.99676053745143 talk.politics.guns:0.0021686506727030567 talk.politics.mideast:0.001070811875867067 
array:206 talk.politics.misc talk.politics.misc:0.9451816616687867 talk.politics.mideast:0.03994310331943665 talk.politics.guns:0.014875235011776547 
array:207 talk.politics.misc talk.politics.misc:0.9951086075339852 talk.politics.guns:0.0035074879808935323 talk.politics.mideast:0.0013839044851212386 
array:208 talk.politics.misc talk.politics.guns:0.8215622771631386 talk.politics.misc:0.1313618255408307 talk.politics.mideast:0.04707589729603089 
array:209 talk.politics.misc talk.politics.misc:0.9544712267348281 talk.politics.mideast:0.04536274579059791 talk.politics.guns:1.6602747457405317E-4 
array:210 talk.politics.misc talk.politics.misc:0.9974736010562377 talk.politics.mideast:0.0020645075816751895 talk.politics.guns:4.6189136208706907E-4 
array:211 talk.politics.misc talk.politics.misc:0.647415069800686 talk.politics.guns:0.3133902134711816 talk.politics.mideast:0.03919471672813247 
array:212 talk.politics.misc talk.politics.misc:0.9942438436093659 talk.politics.guns:0.005756123784176695 talk.politics.mideast:3.260645727389141E-8 
array:213 talk.politics.misc talk.politics.misc:0.7346696018046251 talk.politics.guns:0.2652373382562751 talk.politics.mideast:9.305993909962547E-5 
array:214 talk.politics.misc talk.politics.misc:0.9999239512121308 talk.politics.guns:7.47924786674389E-5 talk.politics.mideast:1.2563092016351254E-6 
array:215 talk.politics.misc talk.politics.mideast:0.959672923359203 talk.politics.misc:0.03566252309751687 talk.politics.guns:0.004664553543280247 
array:216 talk.politics.misc talk.politics.misc:0.9999507910845497 talk.politics.guns:4.312309204931984E-5 talk.politics.mideast:6.085823401153525E-6 
array:217 talk.politics.misc talk.politics.misc:0.9982099597328061 talk.politics.guns:0.0016450801974980183 talk.politics.mideast:1.4496006969588095E-4 
array:218 talk.politics.misc talk.politics.mideast:0.414505773690701 talk.politics.guns:0.3755750916307319 talk.politics.misc:0.20991913467856713 
array:219 talk.politics.misc talk.politics.misc:0.5652073011934559 talk.politics.guns:0.43089232362266955 talk.politics.mideast:0.0039003751838746705 
array:220 talk.politics.misc talk.politics.misc:0.9991636646328357 talk.politics.mideast:4.7421256364628856E-4 talk.politics.guns:3.6212280351809265E-4 
array:221 talk.politics.misc talk.politics.misc:0.9733594467125665 talk.politics.guns:0.022063723467614656 talk.politics.mideast:0.004576829819818806 
array:222 talk.politics.misc talk.politics.misc:0.986131014255426 talk.politics.guns:0.01326471610036343 talk.politics.mideast:6.042696442106762E-4 
array:223 talk.politics.misc talk.politics.mideast:0.9917069993310108 talk.politics.guns:0.005606366610499335 talk.politics.misc:0.0026866340584898625 
array:224 talk.politics.misc talk.politics.misc:0.9697566210328921 talk.politics.mideast:0.0279728762883469 talk.politics.guns:0.0022705026787611447 
array:225 talk.politics.misc talk.politics.misc:0.8426699429576608 talk.politics.guns:0.09115875151203673 talk.politics.mideast:0.06617130553030252 
array:226 talk.politics.misc talk.politics.misc:0.9952972954386093 talk.politics.guns:0.003649429088913714 talk.politics.mideast:0.0010532754724769649 
array:227 talk.politics.misc talk.politics.misc:0.8523789554513151 talk.politics.guns:0.1458143706550049 talk.politics.mideast:0.0018066738936798343 
array:228 talk.politics.misc talk.politics.guns:0.9657897619243431 talk.politics.misc:0.027139162266766294 talk.politics.mideast:0.007071075808890456 
array:229 talk.politics.misc talk.politics.misc:0.6108674263217133 talk.politics.guns:0.3748579237578966 talk.politics.mideast:0.01427464992039009 
array:230 talk.politics.misc talk.politics.misc:0.9309572804326338 talk.politics.guns:0.03714104301723011 talk.politics.mideast:0.03190167655013603 
array:231 talk.politics.misc talk.politics.guns:0.9485566325278443 talk.politics.misc:0.04594457507943716 talk.politics.mideast:0.005498792392718619 
array:232 talk.politics.misc talk.politics.misc:0.9971119660298163 talk.politics.guns:0.0015231273238739396 talk.politics.mideast:0.0013649066463097383 
array:233 talk.politics.misc talk.politics.misc:0.9973941338668085 talk.politics.guns:0.002182187917448355 talk.politics.mideast:4.2367821574320583E-4 
array:234 talk.politics.misc talk.politics.misc:0.9949282961535175 talk.politics.guns:0.004475322565450201 talk.politics.mideast:5.963812810322329E-4 
array:235 talk.politics.misc talk.politics.guns:0.886439638168923 talk.politics.misc:0.11330846338311595 talk.politics.mideast:2.5189844796110356E-4 
array:236 talk.politics.misc talk.politics.misc:0.9776105720838182 talk.politics.guns:0.02163568748455135 talk.politics.mideast:7.537404316303943E-4 
array:237 talk.politics.misc talk.politics.misc:0.9999792338783268 talk.politics.guns:1.387289344758126E-5 talk.politics.mideast:6.893228225583332E-6 
array:238 talk.politics.misc talk.politics.guns:0.48112191785912667 talk.politics.mideast:0.4182936461354022 talk.politics.misc:0.10058443600547098 
array:239 talk.politics.misc talk.politics.misc:0.983723813948778 talk.politics.mideast:0.012939121461589218 talk.politics.guns:0.0033370645896328207 
array:240 talk.politics.misc talk.politics.mideast:0.999199726856369 talk.politics.misc:8.001165613265111E-4 talk.politics.guns:1.5658230456675508E-7 
array:241 talk.politics.misc talk.politics.misc:0.9999973725406401 talk.politics.mideast:2.6197250730061663E-6 talk.politics.guns:7.734286961286753E-9 
array:242 talk.politics.misc talk.politics.misc:0.9532248871303404 talk.politics.guns:0.04473751956813271 talk.politics.mideast:0.0020375933015268823 
array:243 talk.politics.misc talk.politics.misc:0.8761788644445674 talk.politics.guns:0.1178493821242166 talk.politics.mideast:0.005971753431215976 
array:244 talk.politics.misc talk.politics.mideast:0.9866120502772593 talk.politics.misc:0.011887042516329523 talk.politics.guns:0.0015009072064112324 
array:245 talk.politics.misc talk.politics.misc:0.9084834251476558 talk.politics.guns:0.08846032162131459 talk.politics.mideast:0.0030562532310296907 
array:246 talk.politics.misc talk.politics.misc:0.9312810441583051 talk.politics.mideast:0.06655358622008113 talk.politics.guns:0.002165369621613734 
array:247 talk.politics.misc talk.politics.guns:0.9757759722347795 talk.politics.misc:0.02406134310762844 talk.politics.mideast:1.6268465759217482E-4 
array:248 talk.politics.misc talk.politics.misc:0.9769278065018655 talk.politics.guns:0.02232273775070666 talk.politics.mideast:7.494557474278116E-4 
array:249 talk.politics.misc talk.politics.guns:0.5514865354046599 talk.politics.misc:0.44674810691200767 talk.politics.mideast:0.0017653576833324591 
array:250 talk.politics.misc talk.politics.guns:0.5174619357746086 talk.politics.misc:0.4809704586707677 talk.politics.mideast:0.0015676055546236856 
array:251 talk.politics.misc talk.politics.misc:0.9999776790517165 talk.politics.guns:1.884530295697088E-5 talk.politics.mideast:3.4756453264582077E-6 
array:252 talk.politics.misc talk.politics.misc:0.993960212444301 talk.politics.guns:0.0035417122954068854 talk.politics.mideast:0.002498075260292108 
array:253 talk.politics.misc talk.politics.misc:0.9633609981898128 talk.politics.guns:0.03518315535709651 talk.politics.mideast:0.0014558464530907336 
array:254 talk.politics.misc talk.politics.misc:0.9683487385953415 talk.politics.guns:0.02838031829371004 talk.politics.mideast:0.00327094311094842 
array:255 talk.politics.misc talk.politics.guns:0.6861225062780789 talk.politics.misc:0.3014298985849385 talk.politics.mideast:0.012447595136982598 
array:256 talk.politics.misc talk.politics.misc:0.9057170556305352 talk.politics.guns:0.09428126073825799 talk.politics.mideast:1.6836312067561463E-6 
array:257 talk.politics.misc talk.politics.guns:0.9451868713456999 talk.politics.misc:0.05430603466883789 talk.politics.mideast:5.070939854620412E-4 
array:258 talk.politics.misc talk.politics.misc:0.9860068644068585 talk.politics.guns:0.012000643286218336 talk.politics.mideast:0.001992492306923181 
array:259 talk.politics.misc talk.politics.misc:0.8213493354628632 talk.politics.guns:0.1469949243604416 talk.politics.mideast:0.03165574017669527 
array:260 talk.politics.misc talk.politics.misc:0.9993773647653214 talk.politics.guns:4.516299707243681E-4 talk.politics.mideast:1.7100526395418515E-4 
array:261 talk.politics.misc talk.politics.misc:0.4821102688330812 talk.politics.guns:0.3490319698096157 talk.politics.mideast:0.16885776135730304 
