
-------------------- Trial 0  --------------------

Trial 0 Training MaxEntTrainer,gaussianPriorVariance=1.0 with 2700 instances
Trial 0 Training MaxEntTrainer,gaussianPriorVariance=1.0 finished
Trial 0 Trainer MaxEntTrainer,gaussianPriorVariance=1.0
 Raw Testing Data
array:0 talk.politics.guns talk.politics.guns:0.8012151755312179 talk.politics.misc:0.14105238413797616 talk.politics.mideast:0.05773244033080597 
array:1 talk.politics.guns talk.politics.guns:0.9476375130559206 talk.politics.mideast:0.041715645928037906 talk.politics.misc:0.010646841016041403 
array:2 talk.politics.guns talk.politics.guns:0.6679657715691757 talk.politics.misc:0.29167752996448637 talk.politics.mideast:0.04035669846633802 
array:3 talk.politics.guns talk.politics.guns:0.9999920045070736 talk.politics.misc:7.950157270148695E-6 talk.politics.mideast:4.533565627007175E-8 
array:4 talk.politics.guns talk.politics.guns:0.9999924905995143 talk.politics.misc:7.466189431094379E-6 talk.politics.mideast:4.321105472245572E-8 
array:5 talk.politics.guns talk.politics.misc:0.5970877591469554 talk.politics.guns:0.3967672538900872 talk.politics.mideast:0.006144986962957379 
array:6 talk.politics.guns talk.politics.misc:0.5433347022336575 talk.politics.guns:0.3458011717483913 talk.politics.mideast:0.11086412601795118 
array:7 talk.politics.guns talk.politics.guns:0.6604862714174619 talk.politics.misc:0.2570547387352368 talk.politics.mideast:0.08245898984730132 
array:8 talk.politics.guns talk.politics.guns:0.8256115412715251 talk.politics.misc:0.17419455001894588 talk.politics.mideast:1.939087095289517E-4 
array:9 talk.politics.guns talk.politics.guns:0.689770610658984 talk.politics.misc:0.31021338228986567 talk.politics.mideast:1.600705115014337E-5 
array:10 talk.politics.guns talk.politics.guns:0.9945931921947472 talk.politics.misc:0.0045337632472868174 talk.politics.mideast:8.730445579659674E-4 
array:11 talk.politics.guns talk.politics.guns:0.9871163417212883 talk.politics.misc:0.0074232618073223795 talk.politics.mideast:0.005460396471389461 
array:12 talk.politics.guns talk.politics.guns:0.9999754628281442 talk.politics.misc:2.4511974279108544E-5 talk.politics.mideast:2.519757673563579E-8 
array:13 talk.politics.guns talk.politics.guns:0.9990192828959501 talk.politics.mideast:6.936235990511881E-4 talk.politics.misc:2.8709350499853624E-4 
array:14 talk.politics.guns talk.politics.guns:0.7175115649779085 talk.politics.misc:0.21548307687364301 talk.politics.mideast:0.06700535814844855 
array:15 talk.politics.guns talk.politics.guns:0.9963239798547082 talk.politics.mideast:0.003369175380410061 talk.politics.misc:3.068447648814585E-4 
array:16 talk.politics.guns talk.politics.guns:0.9685237917015619 talk.politics.misc:0.025960190813040716 talk.politics.mideast:0.005516017485397335 
array:17 talk.politics.guns talk.politics.guns:0.9999969025508383 talk.politics.misc:3.005814665380879E-6 talk.politics.mideast:9.163449627104072E-8 
array:18 talk.politics.guns talk.politics.guns:0.8236055967532034 talk.politics.mideast:0.10865880972081256 talk.politics.misc:0.06773559352598396 
array:19 talk.politics.guns talk.politics.guns:0.9921313122703355 talk.politics.misc:0.007840493217363574 talk.politics.mideast:2.8194512300806135E-5 
array:20 talk.politics.guns talk.politics.guns:0.7571720812695679 talk.politics.misc:0.23685200935140907 talk.politics.mideast:0.005975909379023001 
array:21 talk.politics.guns talk.politics.misc:0.5769414432947232 talk.politics.guns:0.36940222546009804 talk.politics.mideast:0.05365633124517878 
array:22 talk.politics.guns talk.politics.guns:0.9346808165276191 talk.politics.misc:0.06526427453688255 talk.politics.mideast:5.4908935498382376E-5 
array:23 talk.politics.guns talk.politics.guns:0.858395613706901 talk.politics.mideast:0.12452676522272002 talk.politics.misc:0.017077621070378985 
array:24 talk.politics.guns talk.politics.guns:0.8900855979884181 talk.politics.mideast:0.05565252217482641 talk.politics.misc:0.054261879836755386 
array:25 talk.politics.guns talk.politics.guns:0.8691153777839445 talk.politics.misc:0.130452846289578 talk.politics.mideast:4.317759264775352E-4 
array:26 talk.politics.guns talk.politics.guns:0.9783159651959125 talk.politics.misc:0.02118999517199687 talk.politics.mideast:4.940396320907219E-4 
array:27 talk.politics.guns talk.politics.guns:0.8579637365081311 talk.politics.misc:0.11765085559243649 talk.politics.mideast:0.02438540789943237 
array:28 talk.politics.guns talk.politics.guns:0.986807107143286 talk.politics.misc:0.01311264209211279 talk.politics.mideast:8.02507646009465E-5 
array:29 talk.politics.guns talk.politics.guns:0.9365738737866774 talk.politics.misc:0.06342543802554826 talk.politics.mideast:6.88187774514159E-7 
array:30 talk.politics.guns talk.politics.guns:0.9892389555020005 talk.politics.misc:0.007781677587421703 talk.politics.mideast:0.0029793669105778187 
array:31 talk.politics.guns talk.politics.guns:0.7974045382988769 talk.politics.misc:0.17055594744506875 talk.politics.mideast:0.03203951425605432 
array:32 talk.politics.guns talk.politics.guns:0.6255803484538859 talk.politics.misc:0.35585841888646125 talk.politics.mideast:0.01856123265965292 
array:33 talk.politics.guns talk.politics.guns:0.9993044911665825 talk.politics.misc:6.938636405325817E-4 talk.politics.mideast:1.6451928848968857E-6 
array:34 talk.politics.guns talk.politics.guns:0.8362323836798073 talk.politics.misc:0.14910930222468619 talk.politics.mideast:0.01465831409550654 
array:35 talk.politics.guns talk.politics.guns:0.9844236457963867 talk.politics.misc:0.010387997648589452 talk.politics.mideast:0.00518835655502385 
array:36 talk.politics.guns talk.politics.guns:0.9998231260587701 talk.politics.misc:1.7617453276211277E-4 talk.politics.mideast:6.994084678492994E-7 
array:37 talk.politics.guns talk.politics.guns:0.999877069537454 talk.politics.misc:9.14730801227966E-5 talk.politics.mideast:3.145738242324989E-5 
array:38 talk.politics.guns talk.politics.guns:0.431765411323729 talk.politics.misc:0.29872896762080414 talk.politics.mideast:0.2695056210554669 
array:39 talk.politics.guns talk.politics.guns:0.9796086755698483 talk.politics.mideast:0.01081158910878241 talk.politics.misc:0.009579735321369345 
array:40 talk.politics.guns talk.politics.guns:0.9582028792237576 talk.politics.misc:0.04096914115098379 talk.politics.mideast:8.279796252587049E-4 
array:41 talk.politics.guns talk.politics.guns:0.7310780819192138 talk.politics.misc:0.25380733646545606 talk.politics.mideast:0.015114581615330122 
array:42 talk.politics.guns talk.politics.guns:0.9998926866383572 talk.politics.misc:7.86737683485845E-5 talk.politics.mideast:2.8639593294124222E-5 
array:43 talk.politics.guns talk.politics.guns:0.9829630679325514 talk.politics.misc:0.017020645909008873 talk.politics.mideast:1.6286158439634916E-5 
array:44 talk.politics.guns talk.politics.misc:0.4509817373955262 talk.politics.guns:0.4215876489057356 talk.politics.mideast:0.12743061369873815 
array:45 talk.politics.guns talk.politics.guns:0.838018593934722 talk.politics.misc:0.08772020717853019 talk.politics.mideast:0.07426119888674781 
array:46 talk.politics.guns talk.politics.guns:0.9241152987610995 talk.politics.misc:0.06617846364275864 talk.politics.mideast:0.009706237596141903 
array:47 talk.politics.guns talk.politics.guns:0.9997817266098528 talk.politics.misc:2.076632314980832E-4 talk.politics.mideast:1.0610158649237748E-5 
array:48 talk.politics.guns talk.politics.mideast:0.3669517576205485 talk.politics.misc:0.35893681626945484 talk.politics.guns:0.27411142610999667 
array:49 talk.politics.guns talk.politics.guns:0.9998807657005213 talk.politics.misc:1.189916720110198E-4 talk.politics.mideast:2.4262746747308687E-7 
array:50 talk.politics.guns talk.politics.misc:0.851353259764357 talk.politics.guns:0.08630273581536482 talk.politics.mideast:0.06234400442027811 
array:51 talk.politics.guns talk.politics.misc:0.851353259764357 talk.politics.guns:0.08630273581536482 talk.politics.mideast:0.06234400442027811 
array:52 talk.politics.guns talk.politics.misc:0.851353259764357 talk.politics.guns:0.08630273581536482 talk.politics.mideast:0.06234400442027811 
array:53 talk.politics.guns talk.politics.misc:0.851353259764357 talk.politics.guns:0.08630273581536482 talk.politics.mideast:0.06234400442027811 
array:54 talk.politics.guns talk.politics.guns:0.9038609485291533 talk.politics.mideast:0.08043574858848163 talk.politics.misc:0.015703302882365062 
array:55 talk.politics.guns talk.politics.misc:0.851353259764357 talk.politics.guns:0.08630273581536482 talk.politics.mideast:0.06234400442027811 
array:56 talk.politics.guns talk.politics.guns:0.9993453836618276 talk.politics.misc:6.439282771402133E-4 talk.politics.mideast:1.0688061032402502E-5 
array:57 talk.politics.guns talk.politics.guns:0.999651351000366 talk.politics.misc:3.467562537911364E-4 talk.politics.mideast:1.8927458429185297E-6 
array:58 talk.politics.guns talk.politics.guns:0.6848130965340096 talk.politics.misc:0.30806572896331963 talk.politics.mideast:0.007121174502670917 
array:59 talk.politics.guns talk.politics.guns:0.8671035389612237 talk.politics.mideast:0.0864716728585023 talk.politics.misc:0.0464247881802739 
array:60 talk.politics.guns talk.politics.misc:0.6562170019535297 talk.politics.guns:0.3359414847265927 talk.politics.mideast:0.007841513319877695 
array:61 talk.politics.guns talk.politics.guns:0.994778254738926 talk.politics.misc:0.004794269065070648 talk.politics.mideast:4.2747619600318133E-4 
array:62 talk.politics.guns talk.politics.guns:0.6845973429139388 talk.politics.misc:0.2210224887795666 talk.politics.mideast:0.09438016830649458 
array:63 talk.politics.guns talk.politics.guns:0.999460699595246 talk.politics.misc:3.9544291022339007E-4 talk.politics.mideast:1.4385749453053322E-4 
array:64 talk.politics.guns talk.politics.guns:0.8206337619361088 talk.politics.misc:0.1793548062994129 talk.politics.mideast:1.1431764478316438E-5 
array:65 talk.politics.guns talk.politics.guns:0.8481482135206209 talk.politics.mideast:0.12033481242562231 talk.politics.misc:0.031516974053756676 
array:66 talk.politics.guns talk.politics.guns:0.9996487414402492 talk.politics.misc:3.476163092539422E-4 talk.politics.mideast:3.64225049699454E-6 
array:67 talk.politics.guns talk.politics.misc:0.5395008890624662 talk.politics.guns:0.35520602423179687 talk.politics.mideast:0.10529308670573692 
array:68 talk.politics.guns talk.politics.misc:0.6741853781059473 talk.politics.guns:0.3081940337951286 talk.politics.mideast:0.017620588098924188 
array:69 talk.politics.guns talk.politics.guns:0.7266343932667332 talk.politics.misc:0.26042092812797063 talk.politics.mideast:0.01294467860529621 
array:70 talk.politics.guns talk.politics.guns:0.9927369052725878 talk.politics.misc:0.007213442148938628 talk.politics.mideast:4.965257847338189E-5 
array:71 talk.politics.guns talk.politics.guns:0.9820120196543488 talk.politics.misc:0.014455046201833703 talk.politics.mideast:0.0035329341438173623 
array:72 talk.politics.guns talk.politics.misc:0.8917105075536569 talk.politics.mideast:0.1003755600469247 talk.politics.guns:0.007913932399418415 
array:73 talk.politics.guns talk.politics.guns:0.9613755702144946 talk.politics.mideast:0.03383086687017793 talk.politics.misc:0.004793562915327545 
array:74 talk.politics.guns talk.politics.guns:0.9568209347535108 talk.politics.misc:0.028432600843411163 talk.politics.mideast:0.014746464403077976 
array:75 talk.politics.guns talk.politics.misc:0.834007038384564 talk.politics.guns:0.1621015212203827 talk.politics.mideast:0.0038914403950533203 
array:76 talk.politics.guns talk.politics.misc:0.5279575000805884 talk.politics.guns:0.3513521765470002 talk.politics.mideast:0.12069032337241144 
array:77 talk.politics.guns talk.politics.guns:0.9863516651142896 talk.politics.mideast:0.011896531219756229 talk.politics.misc:0.0017518036659541593 
array:78 talk.politics.guns talk.politics.guns:0.999936363085516 talk.politics.mideast:5.331996738533853E-5 talk.politics.misc:1.0316947098736326E-5 
array:79 talk.politics.guns talk.politics.guns:0.9946188485867897 talk.politics.misc:0.005347596682117098 talk.politics.mideast:3.355473109302722E-5 
array:80 talk.politics.guns talk.politics.guns:0.994208691532442 talk.politics.misc:0.0029665355188956528 talk.politics.mideast:0.0028247729486624634 
array:81 talk.politics.guns talk.politics.guns:0.9883927686694508 talk.politics.misc:0.0109241099661634 talk.politics.mideast:6.831213643858051E-4 
array:82 talk.politics.guns talk.politics.guns:0.9932213659563373 talk.politics.misc:0.005039136442098287 talk.politics.mideast:0.0017394976015646512 
array:83 talk.politics.guns talk.politics.guns:0.7308697108619511 talk.politics.misc:0.2520582179838536 talk.politics.mideast:0.017072071154195293 
array:84 talk.politics.guns talk.politics.guns:0.9648832928987059 talk.politics.misc:0.030024819178765594 talk.politics.mideast:0.005091887922528489 
array:85 talk.politics.guns talk.politics.guns:0.6318018750045659 talk.politics.misc:0.3648498559502536 talk.politics.mideast:0.003348269045180608 
array:86 talk.politics.guns talk.politics.misc:0.9467355303468387 talk.politics.guns:0.043182045393282464 talk.politics.mideast:0.010082424259878854 
array:87 talk.politics.guns talk.politics.guns:0.9972524343571082 talk.politics.mideast:0.0018108926105550496 talk.politics.misc:9.366730323366136E-4 
array:88 talk.politics.guns talk.politics.guns:0.6918135497752409 talk.politics.mideast:0.20057829722413253 talk.politics.misc:0.10760815300062648 
array:89 talk.politics.guns talk.politics.guns:0.9928972696736704 talk.politics.misc:0.0051925009574571015 talk.politics.mideast:0.0019102293688724873 
array:90 talk.politics.guns talk.politics.misc:0.7973110615260955 talk.politics.mideast:0.18676718255632135 talk.politics.guns:0.015921755917583096 
array:91 talk.politics.guns talk.politics.guns:0.49298618821030654 talk.politics.misc:0.41869588152131115 talk.politics.mideast:0.08831793026838235 
array:92 talk.politics.guns talk.politics.misc:0.6367051096806505 talk.politics.guns:0.19837572117810204 talk.politics.mideast:0.16491916914124743 
array:93 talk.politics.guns talk.politics.guns:0.9994021324479458 talk.politics.misc:5.959204934294841E-4 talk.politics.mideast:1.94705862459336E-6 
array:94 talk.politics.guns talk.politics.guns:0.9591935535691921 talk.politics.misc:0.03956480011832551 talk.politics.mideast:0.0012416463124823487 
array:95 talk.politics.guns talk.politics.guns:0.924167880910524 talk.politics.misc:0.06346248538322925 talk.politics.mideast:0.01236963370624652 
array:96 talk.politics.guns talk.politics.guns:0.8942542351977549 talk.politics.misc:0.06840878596719528 talk.politics.mideast:0.03733697883504973 
array:97 talk.politics.guns talk.politics.guns:0.8908984747551402 talk.politics.misc:0.08391203548167057 talk.politics.mideast:0.025189489763189146 
array:98 talk.politics.guns talk.politics.guns:0.9939606773826519 talk.politics.misc:0.0033036416989143465 talk.politics.mideast:0.0027356809184339095 
array:99 talk.politics.guns talk.politics.guns:0.804149700703833 talk.politics.misc:0.18885275965353923 talk.politics.mideast:0.006997539642627791 
array:100 talk.politics.mideast talk.politics.guns:0.5331398504831496 talk.politics.mideast:0.2824062890179483 talk.politics.misc:0.18445386049890214 
array:101 talk.politics.mideast talk.politics.mideast:0.9070376295931168 talk.politics.misc:0.07105456280274633 talk.politics.guns:0.02190780760413682 
array:102 talk.politics.mideast talk.politics.mideast:0.9997471803834829 talk.politics.misc:2.3626586939560473E-4 talk.politics.guns:1.6553747121527516E-5 
array:103 talk.politics.mideast talk.politics.mideast:0.9999310405149023 talk.politics.misc:5.3605800566377594E-5 talk.politics.guns:1.5353684531271612E-5 
array:104 talk.politics.mideast talk.politics.mideast:0.9979891316173384 talk.politics.guns:0.001733179421426868 talk.politics.misc:2.776889612349036E-4 
array:105 talk.politics.mideast talk.politics.mideast:0.5230564326574956 talk.politics.misc:0.4521176744813491 talk.politics.guns:0.024825892861155323 
array:106 talk.politics.mideast talk.politics.mideast:0.9257170301865042 talk.politics.misc:0.05519256473604696 talk.politics.guns:0.019090405077448802 
array:107 talk.politics.mideast talk.politics.mideast:0.9622427311557438 talk.politics.misc:0.03774531128393089 talk.politics.guns:1.1957560325425152E-5 
array:108 talk.politics.mideast talk.politics.mideast:0.9987432446154918 talk.politics.misc:0.0011258094246446202 talk.politics.guns:1.309459598635285E-4 
array:109 talk.politics.mideast talk.politics.mideast:0.9972456679529033 talk.politics.misc:0.002673148235362755 talk.politics.guns:8.118381173411688E-5 
array:110 talk.politics.mideast talk.politics.mideast:0.999742907028797 talk.politics.misc:2.3846213754438858E-4 talk.politics.guns:1.863083365857538E-5 
array:111 talk.politics.mideast talk.politics.mideast:0.9989419242221534 talk.politics.guns:5.794681548564666E-4 talk.politics.misc:4.786076229900628E-4 
array:112 talk.politics.mideast talk.politics.mideast:0.623779019790318 talk.politics.misc:0.20618402966069221 talk.politics.guns:0.17003695054898976 
array:113 talk.politics.mideast talk.politics.mideast:0.9263020924079977 talk.politics.misc:0.052415997461661985 talk.politics.guns:0.021281910130340413 
array:114 talk.politics.mideast talk.politics.mideast:0.9959087711371629 talk.politics.misc:0.0031222034707696646 talk.politics.guns:9.690253920674612E-4 
array:115 talk.politics.mideast talk.politics.mideast:0.99933319126287 talk.politics.misc:6.052068092458925E-4 talk.politics.guns:6.160192788399077E-5 
array:116 talk.politics.mideast talk.politics.mideast:0.9617638809620148 talk.politics.misc:0.02396936865775265 talk.politics.guns:0.014266750380232557 
array:117 talk.politics.mideast talk.politics.misc:0.5037552136794475 talk.politics.guns:0.3030227271530382 talk.politics.mideast:0.19322205916751428 
array:118 talk.politics.mideast talk.politics.mideast:0.999994703379551 talk.politics.misc:5.2685606894208134E-6 talk.politics.guns:2.8059759607244733E-8 
array:119 talk.politics.mideast talk.politics.mideast:0.9468144019293575 talk.politics.misc:0.050920098423763355 talk.politics.guns:0.002265499646879247 
array:120 talk.politics.mideast talk.politics.mideast:0.9993281719742738 talk.politics.misc:6.598113006527338E-4 talk.politics.guns:1.2016725073508148E-5 
array:121 talk.politics.mideast talk.politics.misc:0.682500747384014 talk.politics.mideast:0.23559687433701304 talk.politics.guns:0.08190237827897283 
array:122 talk.politics.mideast talk.politics.mideast:0.9905257780111737 talk.politics.misc:0.00874525295267211 talk.politics.guns:7.289690361540902E-4 
array:123 talk.politics.mideast talk.politics.mideast:0.997393225589308 talk.politics.misc:0.0023442993857140343 talk.politics.guns:2.624750249778355E-4 
array:124 talk.politics.mideast talk.politics.mideast:0.9999924657546992 talk.politics.misc:7.528773879330337E-6 talk.politics.guns:5.471421362841267E-9 
array:125 talk.politics.mideast talk.politics.mideast:0.999241445409986 talk.politics.guns:5.029119831013027E-4 talk.politics.misc:2.556426069126046E-4 
array:126 talk.politics.mideast talk.politics.mideast:0.9999065142075348 talk.politics.misc:9.327762273993017E-5 talk.politics.guns:2.0816972514586267E-7 
array:127 talk.politics.mideast talk.politics.mideast:0.9906636837338981 talk.politics.misc:0.009325839636699527 talk.politics.guns:1.0476629402313545E-5 
array:128 talk.politics.mideast talk.politics.mideast:0.9999993297402126 talk.politics.misc:5.895008579943989E-7 talk.politics.guns:8.075892936222711E-8 
array:129 talk.politics.mideast talk.politics.mideast:0.9856711840098016 talk.politics.misc:0.012816613680837587 talk.politics.guns:0.0015122023093607467 
array:130 talk.politics.mideast talk.politics.mideast:0.5596804795299225 talk.politics.guns:0.41597302081543375 talk.politics.misc:0.024346499654643753 
array:131 talk.politics.mideast talk.politics.mideast:0.6331229994226572 talk.politics.misc:0.36553689280344814 talk.politics.guns:0.0013401077738946967 
array:132 talk.politics.mideast talk.politics.misc:0.7658110643048708 talk.politics.mideast:0.19018804173446865 talk.politics.guns:0.04400089396066051 
array:133 talk.politics.mideast talk.politics.mideast:0.8440048397945423 talk.politics.guns:0.11062622458184325 talk.politics.misc:0.04536893562361453 
array:134 talk.politics.mideast talk.politics.mideast:0.9988029683203089 talk.politics.misc:0.0011655443457676917 talk.politics.guns:3.14873339234748E-5 
array:135 talk.politics.mideast talk.politics.mideast:0.8465605335667782 talk.politics.misc:0.15295856212521508 talk.politics.guns:4.80904308006783E-4 
array:136 talk.politics.mideast talk.politics.mideast:0.9999827958157468 talk.politics.misc:1.7203215373327155E-5 talk.politics.guns:9.688797492089852E-10 
array:137 talk.politics.mideast talk.politics.mideast:0.9887401987671278 talk.politics.misc:0.005665060329589379 talk.politics.guns:0.0055947409032829085 
array:138 talk.politics.mideast talk.politics.mideast:0.9984055440199927 talk.politics.misc:0.0015741313920624007 talk.politics.guns:2.03245879449248E-5 
array:139 talk.politics.mideast talk.politics.mideast:0.9934004973077042 talk.politics.misc:0.006596215677816373 talk.politics.guns:3.287014479422799E-6 
array:140 talk.politics.mideast talk.politics.mideast:0.9999456068347471 talk.politics.misc:4.914812949540893E-5 talk.politics.guns:5.245035757468774E-6 
array:141 talk.politics.mideast talk.politics.mideast:0.999719747620787 talk.politics.misc:2.7840807920826837E-4 talk.politics.guns:1.8443000048640753E-6 
array:142 talk.politics.mideast talk.politics.mideast:0.9988039068206669 talk.politics.guns:0.0011861414464235116 talk.politics.misc:9.95173290953288E-6 
array:143 talk.politics.mideast talk.politics.mideast:0.9999999048496324 talk.politics.misc:9.498715266318562E-8 talk.politics.guns:1.632149046527367E-10 
array:144 talk.politics.mideast talk.politics.misc:0.9750984264427411 talk.politics.guns:0.01755207943790053 talk.politics.mideast:0.007349494119358274 
array:145 talk.politics.mideast talk.politics.mideast:0.9998925575092368 talk.politics.misc:1.068213599321493E-4 talk.politics.guns:6.211308311261936E-7 
array:146 talk.politics.mideast talk.politics.mideast:0.9995244633127456 talk.politics.misc:4.689203312604244E-4 talk.politics.guns:6.616355993995328E-6 
array:147 talk.politics.mideast talk.politics.mideast:0.9992267890479486 talk.politics.misc:7.161429756923316E-4 talk.politics.guns:5.7067976359078047E-5 
array:148 talk.politics.mideast talk.politics.mideast:0.9644037378610516 talk.politics.misc:0.03557409133143273 talk.politics.guns:2.217080751561605E-5 
array:149 talk.politics.mideast talk.politics.mideast:0.636714408003714 talk.politics.misc:0.3232198717316015 talk.politics.guns:0.04006572026468435 
array:150 talk.politics.mideast talk.politics.mideast:0.9997793573299827 talk.politics.misc:1.7922905199108439E-4 talk.politics.guns:4.14136180261905E-5 
array:151 talk.politics.mideast talk.politics.mideast:0.9410511750938433 talk.politics.misc:0.056110811312587335 talk.politics.guns:0.002838013593569563 
array:152 talk.politics.mideast talk.politics.mideast:0.6595729004134855 talk.politics.misc:0.24871564583954056 talk.politics.guns:0.09171145374697391 
array:153 talk.politics.mideast talk.politics.mideast:0.999254265636956 talk.politics.misc:4.8002530307750577E-4 talk.politics.guns:2.6570905996663294E-4 
array:154 talk.politics.mideast talk.politics.mideast:0.9997607974870373 talk.politics.misc:2.2310221611037968E-4 talk.politics.guns:1.6100296852319298E-5 
array:155 talk.politics.mideast talk.politics.mideast:0.9999134598422063 talk.politics.misc:8.452383763421289E-5 talk.politics.guns:2.0163201595096975E-6 
array:156 talk.politics.mideast talk.politics.mideast:0.9910929112400055 talk.politics.misc:0.005310450147523463 talk.politics.guns:0.003596638612470889 
array:157 talk.politics.mideast talk.politics.mideast:0.9999928264991669 talk.politics.guns:3.727032989589508E-6 talk.politics.misc:3.446467843490344E-6 
array:158 talk.politics.mideast talk.politics.mideast:0.9999995206731555 talk.politics.misc:4.765548466855299E-7 talk.politics.guns:2.7719976514390465E-9 
array:159 talk.politics.mideast talk.politics.mideast:0.9997746289486098 talk.politics.guns:1.827603353352202E-4 talk.politics.misc:4.261071605497184E-5 
array:160 talk.politics.mideast talk.politics.mideast:0.9977671848842916 talk.politics.misc:0.0022317170286283317 talk.politics.guns:1.098087080120364E-6 
array:161 talk.politics.mideast talk.politics.mideast:0.9664183460999725 talk.politics.guns:0.020487392280352356 talk.politics.misc:0.013094261619675198 
array:162 talk.politics.mideast talk.politics.mideast:0.9996996633681029 talk.politics.guns:1.7814627738267562E-4 talk.politics.misc:1.221903545143659E-4 
array:163 talk.politics.mideast talk.politics.mideast:0.9999929340125122 talk.politics.misc:6.804767789153579E-6 talk.politics.guns:2.612196986415793E-7 
array:164 talk.politics.mideast talk.politics.mideast:0.9995971519355275 talk.politics.misc:4.0218761034566954E-4 talk.politics.guns:6.604541268188095E-7 
array:165 talk.politics.mideast talk.politics.mideast:0.9996375847519653 talk.politics.misc:3.1531684577472397E-4 talk.politics.guns:4.709840225980929E-5 
array:166 talk.politics.mideast talk.politics.mideast:0.9998487719475648 talk.politics.misc:1.469508070352065E-4 talk.politics.guns:4.277245399863612E-6 
array:167 talk.politics.mideast talk.politics.mideast:0.9792737909487363 talk.politics.misc:0.02061168088239283 talk.politics.guns:1.1452816887084383E-4 
array:168 talk.politics.mideast talk.politics.mideast:0.9930342493318396 talk.politics.misc:0.006524225775896162 talk.politics.guns:4.415248922640952E-4 
array:169 talk.politics.mideast talk.politics.mideast:0.999750719354261 talk.politics.misc:2.4833972222845785E-4 talk.politics.guns:9.40923510680224E-7 
array:170 talk.politics.mideast talk.politics.mideast:0.9999642817428036 talk.politics.misc:3.550938327739644E-5 talk.politics.guns:2.0887391879830768E-7 
array:171 talk.politics.mideast talk.politics.mideast:0.9986956219078204 talk.politics.misc:7.279535232478949E-4 talk.politics.guns:5.76424568931626E-4 
array:172 talk.politics.mideast talk.politics.mideast:0.9637899100870686 talk.politics.misc:0.026224511503532676 talk.politics.guns:0.009985578409398904 
array:173 talk.politics.mideast talk.politics.mideast:0.9999837251984915 talk.politics.misc:1.4242275082086999E-5 talk.politics.guns:2.0325264263292417E-6 
array:174 talk.politics.mideast talk.politics.mideast:0.9742618554581343 talk.politics.misc:0.02385071282439026 talk.politics.guns:0.0018874317174754265 
array:175 talk.politics.mideast talk.politics.mideast:0.9971238520869522 talk.politics.misc:0.001459723372431741 talk.politics.guns:0.0014164245406160724 
array:176 talk.politics.mideast talk.politics.mideast:0.9885036007832303 talk.politics.guns:0.010723929623015596 talk.politics.misc:7.724695937540313E-4 
array:177 talk.politics.mideast talk.politics.mideast:0.99749527898361 talk.politics.misc:0.002484293363064739 talk.politics.guns:2.042765332524446E-5 
array:178 talk.politics.mideast talk.politics.mideast:0.9891114022129188 talk.politics.misc:0.010837610321214013 talk.politics.guns:5.098746586719204E-5 
array:179 talk.politics.mideast talk.politics.mideast:0.9994541939743068 talk.politics.misc:4.931573884837472E-4 talk.politics.guns:5.264863720934751E-5 
array:180 talk.politics.mideast talk.politics.mideast:0.9723114585154888 talk.politics.misc:0.0267892526494983 talk.politics.guns:8.99288835012795E-4 
array:181 talk.politics.mideast talk.politics.mideast:0.9424713365943498 talk.politics.misc:0.03509098587834681 talk.politics.guns:0.022437677527303346 
array:182 talk.politics.mideast talk.politics.mideast:0.996297073897907 talk.politics.misc:0.003669763735203388 talk.politics.guns:3.316236688963926E-5 
array:183 talk.politics.mideast talk.politics.mideast:0.9998743347700823 talk.politics.misc:1.240433633573145E-4 talk.politics.guns:1.6218665604297728E-6 
array:184 talk.politics.mideast talk.politics.mideast:0.9999965525773189 talk.politics.misc:3.443514899670817E-6 talk.politics.guns:3.907781189279055E-9 
array:185 talk.politics.mideast talk.politics.mideast:0.994659061931516 talk.politics.misc:0.005339580598584206 talk.politics.guns:1.3574698996463307E-6 
array:186 talk.politics.mideast talk.politics.mideast:0.966473203302377 talk.politics.misc:0.03352625692706323 talk.politics.guns:5.397705598184404E-7 
array:187 talk.politics.mideast talk.politics.mideast:0.9972791057882746 talk.politics.misc:0.0027197651123579128 talk.politics.guns:1.1290993673143103E-6 
array:188 talk.politics.mideast talk.politics.mideast:0.9620999539344715 talk.politics.misc:0.020099979329972772 talk.politics.guns:0.017800066735555745 
array:189 talk.politics.mideast talk.politics.guns:0.7355396286722143 talk.politics.mideast:0.19140096887773422 talk.politics.misc:0.0730594024500515 
array:190 talk.politics.mideast talk.politics.mideast:0.9505379209603954 talk.politics.misc:0.031210316583708927 talk.politics.guns:0.01825176245589585 
array:191 talk.politics.mideast talk.politics.guns:0.5033759064591387 talk.politics.mideast:0.4084465755655116 talk.politics.misc:0.08817751797534974 
array:192 talk.politics.mideast talk.politics.mideast:0.9984584908655597 talk.politics.misc:0.0015352980699336071 talk.politics.guns:6.211064506820641E-6 
array:193 talk.politics.mideast talk.politics.mideast:0.9458364917576694 talk.politics.guns:0.04508375348444881 talk.politics.misc:0.009079754757881758 
array:194 talk.politics.mideast talk.politics.mideast:0.9754531579980182 talk.politics.guns:0.016492373633791205 talk.politics.misc:0.008054468368190631 
array:195 talk.politics.mideast talk.politics.mideast:0.9484375058087801 talk.politics.misc:0.04189135633937434 talk.politics.guns:0.009671137851845556 
array:196 talk.politics.mideast talk.politics.mideast:0.6705083269084589 talk.politics.misc:0.211607273044394 talk.politics.guns:0.1178844000471472 
array:197 talk.politics.mideast talk.politics.mideast:0.6770476968943165 talk.politics.misc:0.31077093479460843 talk.politics.guns:0.012181368311075032 
array:198 talk.politics.mideast talk.politics.mideast:0.6916960487015985 talk.politics.misc:0.258841054329276 talk.politics.guns:0.04946289696912539 
array:199 talk.politics.mideast talk.politics.mideast:0.936677101156234 talk.politics.misc:0.06324615021612759 talk.politics.guns:7.67486276384161E-5 
array:200 talk.politics.misc talk.politics.guns:0.9960212860590164 talk.politics.mideast:0.003871527370361465 talk.politics.misc:1.0718657062219529E-4 
array:201 talk.politics.misc talk.politics.misc:0.9997043380789973 talk.politics.mideast:2.8299897456277387E-4 talk.politics.guns:1.2662946439963856E-5 
array:202 talk.politics.misc talk.politics.misc:0.9989438711238239 talk.politics.guns:7.293814450355819E-4 talk.politics.mideast:3.267474311405787E-4 
array:203 talk.politics.misc talk.politics.misc:0.9957900956703016 talk.politics.mideast:0.0033300190368134785 talk.politics.guns:8.798852928848395E-4 
array:204 talk.politics.misc talk.politics.misc:0.9729167897111725 talk.politics.guns:0.02414331694935384 talk.politics.mideast:0.0029398933394738287 
array:205 talk.politics.misc talk.politics.misc:0.9967605312009441 talk.politics.guns:0.0021686554569050245 talk.politics.mideast:0.0010708133421508958 
array:206 talk.politics.misc talk.politics.misc:0.945181613777569 talk.politics.mideast:0.03994312983727885 talk.politics.guns:0.014875256385152039 
array:207 talk.politics.misc talk.politics.misc:0.9951085970685648 talk.politics.guns:0.0035074977452652333 talk.politics.mideast:0.0013839051861698195 
array:208 talk.politics.misc talk.politics.guns:0.821562329848845 talk.politics.misc:0.13136179141315105 talk.politics.mideast:0.04707587873800406 
array:209 talk.politics.misc talk.politics.misc:0.9544711267539026 talk.politics.mideast:0.045362845619924014 talk.politics.guns:1.660276261734628E-4 
array:210 talk.politics.misc talk.politics.misc:0.9974736083549038 talk.politics.mideast:0.0020645010105627775 talk.politics.guns:4.6189063453350187E-4 
array:211 talk.politics.misc talk.politics.misc:0.6474149390780556 talk.politics.guns:0.3133904478066007 talk.politics.mideast:0.039194613115343654 
array:212 talk.politics.misc talk.politics.misc:0.9942438319949278 talk.politics.guns:0.005756135398562969 talk.politics.mideast:3.2606509106254745E-8 
array:213 talk.politics.misc talk.politics.misc:0.7346694877515993 talk.politics.guns:0.2652374524116778 talk.politics.mideast:9.305983672284412E-5 
array:214 talk.politics.misc talk.politics.misc:0.9999239512317187 talk.politics.guns:7.479245805434551E-5 talk.politics.mideast:1.256310227031117E-6 
array:215 talk.politics.misc talk.politics.mideast:0.9596729605533968 talk.politics.misc:0.03566250145865822 talk.politics.guns:0.004664537987944857 
array:216 talk.politics.misc talk.politics.misc:0.9999507908391407 talk.politics.guns:4.312331426917366E-5 talk.politics.mideast:6.08584659011415E-6 
array:217 talk.politics.misc talk.politics.misc:0.9982099703487076 talk.politics.guns:0.0016450696865800837 talk.politics.mideast:1.4495996471235206E-4 
array:218 talk.politics.misc talk.politics.mideast:0.4145054133958738 talk.politics.guns:0.37557548189289763 talk.politics.misc:0.20991910471122843 
array:219 talk.politics.misc talk.politics.misc:0.5652060578710446 talk.politics.guns:0.43089356761350206 talk.politics.mideast:0.003900374515453292 
array:220 talk.politics.misc talk.politics.misc:0.9991636626303718 talk.politics.mideast:4.742132723352627E-4 talk.politics.guns:3.6212409729289555E-4 
array:221 talk.politics.misc talk.politics.misc:0.9733594425026576 talk.politics.guns:0.022063725185580266 talk.politics.mideast:0.004576832311762061 
array:222 talk.politics.misc talk.politics.misc:0.9861309444274483 talk.politics.guns:0.013264782960394255 talk.politics.mideast:6.042726121574498E-4 
array:223 talk.politics.misc talk.politics.mideast:0.9917069649964009 talk.politics.guns:0.00560639840389211 talk.politics.misc:0.002686636599706964 
array:224 talk.politics.misc talk.politics.misc:0.9697566453702878 talk.politics.mideast:0.027972847386591858 talk.politics.guns:0.0022705072431203886 
array:225 talk.politics.misc talk.politics.misc:0.8426701604819783 talk.politics.guns:0.09115870974750331 talk.politics.mideast:0.06617112977051845 
array:226 talk.politics.misc talk.politics.misc:0.9952973017740324 talk.politics.guns:0.0036494244150557407 talk.politics.mideast:0.001053273810911903 
array:227 talk.politics.misc talk.politics.misc:0.8523784497354431 talk.politics.guns:0.14581487357736678 talk.politics.mideast:0.0018066766871902248 
array:228 talk.politics.misc talk.politics.guns:0.9657898777317635 talk.politics.misc:0.027139039427642984 talk.politics.mideast:0.007071082840593642 
array:229 talk.politics.misc talk.politics.misc:0.6108672931335103 talk.politics.guns:0.3748580853777759 talk.politics.mideast:0.014274621488713847 
array:230 talk.politics.misc talk.politics.misc:0.9309572596079889 talk.politics.guns:0.03714106124715883 talk.politics.mideast:0.03190167914485228 
array:231 talk.politics.misc talk.politics.guns:0.9485568299070938 talk.politics.misc:0.045944384740896994 talk.politics.mideast:0.0054987853520092585 
array:232 talk.politics.misc talk.politics.misc:0.997111963596932 talk.politics.guns:0.001523131188186316 talk.politics.mideast:0.0013649052148816706 
array:233 talk.politics.misc talk.politics.misc:0.9973941235917285 talk.politics.guns:0.0021821978368214883 talk.politics.mideast:4.236785714501143E-4 
array:234 talk.politics.misc talk.politics.misc:0.9949282854345903 talk.politics.guns:0.004475333921638451 talk.politics.mideast:5.963806437713369E-4 
array:235 talk.politics.misc talk.politics.guns:0.8864404724908149 talk.politics.misc:0.11330763016632495 talk.politics.mideast:2.5189734286011964E-4 
array:236 talk.politics.misc talk.politics.misc:0.9776105952191281 talk.politics.guns:0.021635665151581614 talk.politics.mideast:7.537396292903134E-4 
array:237 talk.politics.misc talk.politics.misc:0.9999792340432792 talk.politics.guns:1.3872760292627218E-5 talk.politics.mideast:6.893196428334993E-6 
array:238 talk.politics.misc talk.politics.guns:0.4811220531398241 talk.politics.mideast:0.41829351091702544 talk.politics.misc:0.10058443594315054 
array:239 talk.politics.misc talk.politics.misc:0.9837237683807499 talk.politics.mideast:0.012939155513300906 talk.politics.guns:0.003337076105949114 
array:240 talk.politics.misc talk.politics.mideast:0.9991997310988553 talk.politics.misc:8.001123208661626E-4 talk.politics.guns:1.565802784683461E-7 
array:241 talk.politics.misc talk.politics.misc:0.999997372558698 talk.politics.mideast:2.6197071246217795E-6 talk.politics.guns:7.734177295249686E-9 
array:242 talk.politics.misc talk.politics.misc:0.9532248314644537 talk.politics.guns:0.04473757360765088 talk.politics.mideast:0.0020375949278953792 
array:243 talk.politics.misc talk.politics.misc:0.8761788248498843 talk.politics.guns:0.11784942931770048 talk.politics.mideast:0.005971745832415202 
array:244 talk.politics.misc talk.politics.mideast:0.9866120951475978 talk.politics.misc:0.011887000537461605 talk.politics.guns:0.0015009043149404448 
array:245 talk.politics.misc talk.politics.misc:0.9084831467525419 talk.politics.guns:0.08846059586129679 talk.politics.mideast:0.003056257386161343 
array:246 talk.politics.misc talk.politics.misc:0.9312809701563454 talk.politics.mideast:0.06655365954959962 talk.politics.guns:0.0021653702940551364 
array:247 talk.politics.misc talk.politics.guns:0.9757760137657335 talk.politics.misc:0.024061302002297693 talk.politics.mideast:1.6268423196880253E-4 
array:248 talk.politics.misc talk.politics.misc:0.9769277392676217 talk.politics.guns:0.02232280280557064 talk.politics.mideast:7.49457926807796E-4 
array:249 talk.politics.misc talk.politics.guns:0.5514864171332645 talk.politics.misc:0.4467482284708029 talk.politics.mideast:0.0017653543959325298 
array:250 talk.politics.misc talk.politics.guns:0.5174617460730878 talk.politics.misc:0.4809706512049699 talk.politics.mideast:0.0015676027219423017 
array:251 talk.politics.misc talk.politics.misc:0.9999776790909134 talk.politics.guns:1.8845271745446583E-5 talk.politics.mideast:3.4756373412620894E-6 
array:252 talk.politics.misc talk.politics.misc:0.9939601982675684 talk.politics.guns:0.0035417223052432224 talk.politics.mideast:0.002498079427188426 
array:253 talk.politics.misc talk.politics.misc:0.9633609581943912 talk.politics.guns:0.03518319923705949 talk.politics.mideast:0.0014558425685494312 
array:254 talk.politics.misc talk.politics.misc:0.9683486062655587 talk.politics.guns:0.028380438394794028 talk.politics.mideast:0.0032709553396472616 
array:255 talk.politics.misc talk.politics.guns:0.6861226394958989 talk.politics.misc:0.3014297944423852 talk.politics.mideast:0.012447566061715954 
array:256 talk.politics.misc talk.politics.misc:0.9057174602390369 talk.politics.guns:0.09428085613065605 talk.politics.mideast:1.6836303069881576E-6 
array:257 talk.politics.misc talk.politics.guns:0.9451872266319742 talk.politics.misc:0.05430568100286457 talk.politics.mideast:5.070923651611768E-4 
array:258 talk.politics.misc talk.politics.misc:0.9860068557928788 talk.politics.guns:0.012000650722453517 talk.politics.mideast:0.0019924934846677128 
array:259 talk.politics.misc talk.politics.misc:0.821349247844764 talk.politics.guns:0.1469951434147823 talk.politics.mideast:0.031655608740453686 
array:260 talk.politics.misc talk.politics.misc:0.9993773658018339 talk.politics.guns:4.5162900506194706E-4 talk.politics.mideast:1.71005193104061E-4 
array:261 talk.politics.misc talk.politics.misc:0.4821101042479818 talk.politics.guns:0.34903226172724144 talk.politics.mideast:0.16885763402477683 
