array:0	talk.politics.guns	0.8012147726451089	talk.politics.mideast	0.05773264834905546	talk.politics.misc	0.14105257900583568
array:1	talk.politics.guns	0.9476375503826693	talk.politics.mideast	0.041715634147927914	talk.politics.misc	0.01064681546940265
array:2	talk.politics.guns	0.6679660299816186	talk.politics.mideast	0.04035677351967754	talk.politics.misc	0.2916771964987039
array:3	talk.politics.guns	0.9999920044098782	talk.politics.mideast	4.533639954052618E-8	talk.politics.misc	7.950253722166595E-6
array:4	talk.politics.guns	0.9999924905453442	talk.politics.mideast	4.321153069484074E-8	talk.politics.misc	7.466243125142735E-6
array:5	talk.politics.guns	0.3967661259951986	talk.politics.mideast	0.006144990350516652	talk.politics.misc	0.5970888836542848
array:6	talk.politics.guns	0.34580097647475544	talk.politics.mideast	0.11086409639566422	talk.politics.misc	0.5433349271295803
array:7	talk.politics.guns	0.6604859692412034	talk.politics.mideast	0.0824590158757228	talk.politics.misc	0.25705501488307375
array:8	talk.politics.guns	0.825610752234647	talk.politics.mideast	1.9390947268928398E-4	talk.politics.misc	0.17419533829266365
array:9	talk.politics.guns	0.6897692308038237	talk.politics.mideast	1.6007111446568666E-5	talk.politics.misc	0.31021476208472987
array:10	talk.politics.guns	0.9945931788245894	talk.politics.mideast	8.730461357601835E-4	talk.politics.misc	0.0045337750396505175
array:11	talk.politics.guns	0.9871163220479447	talk.politics.mideast	0.005460398099396725	talk.politics.misc	0.007423279852658508
array:12	talk.politics.guns	0.9999754625707603	talk.politics.mideast	2.519778581007825E-8	talk.politics.misc	2.4512231453904462E-5
array:13	talk.politics.guns	0.9990192745165771	talk.politics.mideast	6.93629003829642E-4	talk.politics.misc	2.870964795933683E-4
array:14	talk.politics.guns	0.7175107127845622	talk.politics.mideast	0.06700550467335373	talk.politics.misc	0.21548378254208403
array:15	talk.politics.guns	0.9963239624794522	talk.politics.mideast	0.003369191741396202	talk.politics.misc	3.068457791514585E-4
array:16	talk.politics.guns	0.9685235920351041	talk.politics.mideast	0.005516028710469604	talk.politics.misc	0.02596037925442632
array:17	talk.politics.guns	0.999996902538085	talk.politics.mideast	9.1634413578952E-8	talk.politics.misc	3.0058275015071587E-6
array:18	talk.politics.guns	0.8236052602542195	talk.politics.mideast	0.10865904269544335	talk.politics.misc	0.06773569705033702
array:19	talk.politics.guns	0.9921312756817956	talk.politics.mideast	2.8194680465801346E-5	talk.politics.misc	0.00784052963773864
array:20	talk.politics.guns	0.7571720175793175	talk.politics.mideast	0.0059759389407518125	talk.politics.misc	0.23685204347993066
array:21	talk.politics.guns	0.3694012132814986	talk.politics.mideast	0.05365638424453044	talk.politics.misc	0.576942402473971
array:22	talk.politics.guns	0.9346805807131217	talk.politics.mideast	5.4909194655623325E-5	talk.politics.misc	0.06526451009222273
array:23	talk.politics.guns	0.858395670263106	talk.politics.mideast	0.1245267468041998	talk.politics.misc	0.017077582932694006
array:24	talk.politics.guns	0.8900855548958534	talk.politics.mideast	0.05565261073020544	talk.politics.misc	0.05426183437394126
array:25	talk.politics.guns	0.8691149612120355	talk.politics.mideast	4.317769235240367E-4	talk.politics.misc	0.1304532618644406
array:26	talk.politics.guns	0.9783159195961135	talk.politics.mideast	4.940402174131751E-4	talk.politics.misc	0.021190040186473368
array:27	talk.politics.guns	0.8579637966531013	talk.politics.mideast	0.02438551999159594	talk.politics.misc	0.11765068335530268
array:28	talk.politics.guns	0.9868070576471923	talk.politics.mideast	8.025100557578621E-5	talk.politics.misc	0.013112691347231828
array:29	talk.politics.guns	0.9365735610136027	talk.politics.mideast	6.881928815602645E-7	talk.politics.misc	0.06342575079351592
array:30	talk.politics.guns	0.9892389256951648	talk.politics.mideast	0.00297937340026269	talk.politics.misc	0.007781700904572331
array:31	talk.politics.guns	0.7974038267636164	talk.politics.mideast	0.032039568493911506	talk.politics.misc	0.17055660474247214
array:32	talk.politics.guns	0.625580576397494	talk.politics.mideast	0.018561260903360896	talk.politics.misc	0.3558581626991451
array:33	talk.politics.guns	0.9993044870260962	talk.politics.mideast	1.6452010236990935E-6	talk.politics.misc	6.938677728800837E-4
array:34	talk.politics.guns	0.836232176333051	talk.politics.mideast	0.014658323984114832	talk.politics.misc	0.14910949968283416
array:35	talk.politics.guns	0.9844235720654173	talk.politics.mideast	0.005188375558968021	talk.politics.misc	0.01038805237561457
array:36	talk.politics.guns	0.9998231247532607	talk.politics.mideast	6.994158016865274E-7	talk.politics.misc	1.7617583093757508E-4
array:37	talk.politics.guns	0.9998770692472625	talk.politics.mideast	3.145743529429977E-5	talk.politics.misc	9.14733174432335E-5
array:38	talk.politics.guns	0.43176523819895263	talk.politics.mideast	0.26950590908248256	talk.politics.misc	0.29872885271856464
array:39	talk.politics.guns	0.9796086425358224	talk.politics.mideast	0.01081158382338421	talk.politics.misc	0.009579773640793352
array:40	talk.politics.guns	0.958202649428197	talk.politics.mideast	8.27984701730353E-4	talk.politics.misc	0.04096936587007261
array:41	talk.politics.guns	0.7310775589137081	talk.politics.mideast	0.015114635375034595	talk.politics.misc	0.2538078057112575
array:42	talk.politics.guns	0.9998926857030842	talk.politics.mideast	2.8639948253006452E-5	talk.politics.misc	7.867434866266123E-5
array:43	talk.politics.guns	0.9829629784766148	talk.politics.mideast	1.6286214428224078E-5	talk.politics.misc	0.01702073530895695
array:44	talk.politics.guns	0.4215867089210212	talk.politics.mideast	0.1274307634060884	talk.politics.misc	0.45098252767289054
array:45	talk.politics.guns	0.838018185612874	talk.politics.mideast	0.07426130816234189	talk.politics.misc	0.08772050622478408
array:46	talk.politics.guns	0.9241148802957635	talk.politics.mideast	0.009706280226390019	talk.politics.misc	0.06617883947784658
array:47	talk.politics.guns	0.999781725369073	talk.politics.mideast	1.0610205267803975E-5	talk.politics.misc	2.0766442565919174E-4
array:48	talk.politics.guns	0.2741111706307928	talk.politics.mideast	0.36695255818620487	talk.politics.misc	0.35893627118300225
array:49	talk.politics.guns	0.9998807649484742	talk.politics.mideast	2.4262879029456614E-7	talk.politics.misc	1.189924227354046E-4
array:50	talk.politics.guns	0.08630270147833796	talk.politics.mideast	0.06234418242660518	talk.politics.misc	0.8513531160950568
array:51	talk.politics.guns	0.08630270147833796	talk.politics.mideast	0.06234418242660518	talk.politics.misc	0.8513531160950568
array:52	talk.politics.guns	0.08630270147833796	talk.politics.mideast	0.06234418242660518	talk.politics.misc	0.8513531160950568
array:53	talk.politics.guns	0.08630270147833796	talk.politics.mideast	0.06234418242660518	talk.politics.misc	0.8513531160950568
array:54	talk.politics.guns	0.9038609116992741	talk.politics.mideast	0.08043580518077466	talk.politics.misc	0.01570328311995114
array:55	talk.politics.guns	0.08630270147833796	talk.politics.mideast	0.06234418242660518	talk.politics.misc	0.8513531160950568
array:56	talk.politics.guns	0.9993453786611011	talk.politics.mideast	1.0688165623955141E-5	talk.politics.misc	6.439331732750802E-4
array:57	talk.politics.guns	0.9996513466795449	talk.politics.mideast	1.8927647339941634E-6	talk.politics.misc	3.467605557210423E-4
array:58	talk.politics.guns	0.6848129057096658	talk.politics.mideast	0.007121209955899455	talk.politics.misc	0.30806588433443477
array:59	talk.politics.guns	0.8671033983641353	talk.politics.mideast	0.08647173443104622	talk.politics.misc	0.04642486720481858
array:60	talk.politics.guns	0.3359398638721017	talk.politics.mideast	0.007841512209612777	talk.politics.misc	0.6562186239182856
array:61	talk.politics.guns	0.994778209859523	talk.politics.mideast	4.274782684819041E-4	talk.politics.misc	0.0047943118719951305
array:62	talk.politics.guns	0.6845970620408078	talk.politics.mideast	0.09438022632016535	talk.politics.misc	0.22102271163902673
array:63	talk.politics.guns	0.9994606958500092	talk.politics.mideast	1.4385833889264603E-4	talk.politics.misc	3.9544581109815275E-4
array:64	talk.politics.guns	0.8206327627795803	talk.politics.mideast	1.143182422833232E-5	talk.politics.misc	0.1793558053961914
array:65	talk.politics.guns	0.8481479948399965	talk.politics.mideast	0.1203349598914473	talk.politics.misc	0.03151704526855623
array:66	talk.politics.guns	0.9996487391781035	talk.politics.mideast	3.64227675036187E-6	talk.politics.misc	3.476185451461291E-4
array:67	talk.politics.guns	0.35520519362059455	talk.politics.mideast	0.10529305297027088	talk.politics.misc	0.5395017534091346
array:68	talk.politics.guns	0.3081931270051466	talk.politics.mideast	0.017620569312697117	talk.politics.misc	0.6741863036821562
array:69	talk.politics.guns	0.7266341591530704	talk.politics.mideast	0.01294470246782996	talk.politics.misc	0.26042113837909975
array:70	talk.politics.guns	0.9927369111724829	talk.politics.mideast	4.965266104657681E-5	talk.politics.misc	0.007213436166470547
array:71	talk.politics.guns	0.9820119779219247	talk.politics.mideast	0.0035329453755079906	talk.politics.misc	0.01445507670256716
array:72	talk.politics.guns	0.007913954493721712	talk.politics.mideast	0.10037602434877314	talk.politics.misc	0.8917100211575051
array:73	talk.politics.guns	0.9613754761653489	talk.politics.mideast	0.03383095352521951	talk.politics.misc	0.004793570309431598
array:74	talk.politics.guns	0.9568208291701121	talk.politics.mideast	0.014746504608262217	talk.politics.misc	0.02843266622162578
array:75	talk.politics.guns	0.1621012241315495	talk.politics.mideast	0.0038914484211869022	talk.politics.misc	0.8340073274472636
array:76	talk.politics.guns	0.35135161259249725	talk.politics.mideast	0.1206903758306379	talk.politics.misc	0.5279580115768648
array:77	talk.politics.guns	0.9863516217958455	talk.politics.mideast	0.01189656709018367	talk.politics.misc	0.0017518111139708436
array:78	talk.politics.guns	0.9999363627972275	talk.politics.mideast	5.3320192967976414E-5	talk.politics.misc	1.0317009804518823E-5
array:79	talk.politics.guns	0.9946188264874469	talk.politics.mideast	3.3554883916945346E-5	talk.politics.misc	0.005347618628636195
array:80	talk.politics.guns	0.9942086729403292	talk.politics.mideast	0.002824783940605603	talk.politics.misc	0.0029665431190653044
array:81	talk.politics.guns	0.9883927330129163	talk.politics.mideast	6.831245193034745E-4	talk.politics.misc	0.010924142467780194
array:82	talk.politics.guns	0.9932213484569405	talk.politics.mideast	0.0017395026755328607	talk.politics.misc	0.005039148867526743
array:83	talk.politics.guns	0.730868876214079	talk.politics.mideast	0.01707210989152819	talk.politics.misc	0.25205901389439284
array:84	talk.politics.guns	0.9648831193256057	talk.politics.mideast	0.005091909902063701	talk.politics.misc	0.030024970772330566
array:85	talk.politics.guns	0.6318012883392742	talk.politics.mideast	0.0033482729222956776	talk.politics.misc	0.36485043873843015
array:86	talk.politics.guns	0.04318194238168976	talk.politics.mideast	0.010082407088582827	talk.politics.misc	0.9467356505297275
array:87	talk.politics.guns	0.9972524236998725	talk.politics.mideast	0.0018108999269811487	talk.politics.misc	9.366763731464059E-4
array:88	talk.politics.guns	0.6918134878448199	talk.politics.mideast	0.20057819814110314	talk.politics.misc	0.10760831401407703
array:89	talk.politics.guns	0.9928972616573377	talk.politics.mideast	0.0019102295293266774	talk.politics.misc	0.005192508813335554
array:90	talk.politics.guns	0.015921750061363888	talk.politics.mideast	0.18676782729104546	talk.politics.misc	0.7973104226475906
array:91	talk.politics.guns	0.4929857454786382	talk.politics.mideast	0.08831802038878821	talk.politics.misc	0.4186962341325736
array:92	talk.politics.guns	0.19837485370619684	talk.politics.mideast	0.1649189168833972	talk.politics.misc	0.6367062294104059
array:93	talk.politics.guns	0.9994021292724992	talk.politics.mideast	1.9470618189280344E-6	talk.politics.misc	5.959236656820104E-4
array:94	talk.politics.guns	0.9591934599815504	talk.politics.mideast	0.0012416506417916523	talk.politics.misc	0.03956488937665782
array:95	talk.politics.guns	0.9241678725756951	talk.politics.mideast	0.012369637822173787	talk.politics.misc	0.06346248960213129
array:96	talk.politics.guns	0.8942542318992239	talk.politics.mideast	0.03733698691329884	talk.politics.misc	0.06840878118747724
array:97	talk.politics.guns	0.8908979784936916	talk.politics.mideast	0.025189576474873566	talk.politics.misc	0.08391244503143476
array:98	talk.politics.guns	0.9939606745874929	talk.politics.mideast	0.002735683874108074	talk.politics.misc	0.0033036415383992223
array:99	talk.politics.guns	0.8041494899776094	talk.politics.mideast	0.006997552235735393	talk.politics.misc	0.18885295778665526
array:100	talk.politics.guns	0.5331397430809576	talk.politics.mideast	0.2824062216036445	talk.politics.misc	0.18445403531539797
array:101	talk.politics.guns	0.021907800936012776	talk.politics.mideast	0.9070376083124205	talk.politics.misc	0.07105459075156664
array:102	talk.politics.guns	1.6553809215354642E-5	talk.politics.mideast	0.9997471799872477	talk.politics.misc	2.3626620353704532E-4
array:103	talk.politics.guns	1.5353821960632797E-5	talk.politics.mideast	0.9999310397576763	talk.politics.misc	5.360642036286769E-5
array:104	talk.politics.guns	0.001733179024507753	talk.politics.mideast	0.997989131666605	talk.politics.misc	2.7768930888722343E-4
array:105	talk.politics.guns	0.024825912915110722	talk.politics.mideast	0.5230568491148037	talk.politics.misc	0.45211723797008563
array:106	talk.politics.guns	0.01909036140409642	talk.politics.mideast	0.9257171004258388	talk.politics.misc	0.055192538170064746
array:107	talk.politics.guns	1.1957592609840617E-5	talk.politics.mideast	0.9622425736051684	talk.politics.misc	0.03774546880222189
array:108	talk.politics.guns	1.3094653159297862E-4	talk.politics.mideast	0.9987432384302812	talk.politics.misc	0.0011258150381258222
array:109	talk.politics.guns	8.118386476977128E-5	talk.politics.mideast	0.997245659944152	talk.politics.misc	0.002673156191078258
array:110	talk.politics.guns	1.863092570328497E-5	talk.politics.mideast	0.9997429057910463	talk.politics.misc	2.3846328325054548E-4
array:111	talk.politics.guns	5.794696037511238E-4	talk.politics.mideast	0.9989419213431348	talk.politics.misc	4.7860905311406654E-4
array:112	talk.politics.guns	0.1700365975301634	talk.politics.mideast	0.6237790803935491	talk.politics.misc	0.20618432207628742
array:113	talk.politics.guns	0.02128191840214391	talk.politics.mideast	0.9263019914525831	talk.politics.misc	0.05241609014527313
array:114	talk.politics.guns	9.690276840789103E-4	talk.politics.mideast	0.9959087628067412	talk.politics.misc	0.0031222095091799286
array:115	talk.politics.guns	6.160184713773692E-5	talk.politics.mideast	0.9993331913037194	talk.politics.misc	6.052068491427479E-4
array:116	talk.politics.guns	0.014266705304003768	talk.politics.mideast	0.9617639207577958	talk.politics.misc	0.023969373938200537
array:117	talk.politics.guns	0.30302240144731285	talk.politics.mideast	0.19322208832749282	talk.politics.misc	0.5037555102251943
array:118	talk.politics.guns	2.805983242876091E-8	talk.politics.mideast	0.9999947033857717	talk.politics.misc	5.2685543958682915E-6
array:119	talk.politics.guns	0.002265511195898049	talk.politics.mideast	0.946814103360239	talk.politics.misc	0.05092038544386308
array:120	talk.politics.guns	1.2016786726162653E-5	talk.politics.mideast	0.9993281672029378	talk.politics.misc	6.598160103360719E-4
array:121	talk.politics.guns	0.08190242954723873	talk.politics.mideast	0.2355973237299873	talk.politics.misc	0.682500246722774
array:122	talk.politics.guns	7.289686867576564E-4	talk.politics.mideast	0.9905258140837411	talk.politics.misc	0.008745217229501192
array:123	talk.politics.guns	2.624763078381545E-4	talk.politics.mideast	0.9973932090990085	talk.politics.misc	0.0023443145931532957
array:124	talk.politics.guns	5.471519879222601E-9	talk.politics.mideast	0.9999924656676638	talk.politics.misc	7.528860816250767E-6
array:125	talk.politics.guns	5.029206025517712E-4	talk.politics.mideast	0.9992414313693945	talk.politics.misc	2.5564802805381657E-4
array:126	talk.politics.guns	2.0817091860230005E-7	talk.politics.mideast	0.9999065138270373	talk.politics.misc	9.327800204391323E-5
array:127	talk.politics.guns	1.0476716877440408E-5	talk.politics.mideast	0.9906636520672883	talk.politics.misc	0.009325871215834313
array:128	talk.politics.guns	8.076113794662505E-8	talk.politics.mideast	0.9999993297275321	talk.politics.misc	5.895113298704697E-7
array:129	talk.politics.guns	0.0015122043265321764	talk.politics.mideast	0.9856711325555257	talk.politics.misc	0.012816663117942112
array:130	talk.politics.guns	0.4159734513796516	talk.politics.mideast	0.5596799661933473	talk.politics.misc	0.02434658242700112
array:131	talk.politics.guns	0.0013401089483906373	talk.politics.mideast	0.6331230384857278	talk.politics.misc	0.36553685256588153
array:132	talk.politics.guns	0.04400082022392828	talk.politics.mideast	0.19018835516653265	talk.politics.misc	0.7658108246095391
array:133	talk.politics.guns	0.11062650093300239	talk.politics.mideast	0.8440044555298375	talk.politics.misc	0.045369043537160085
array:134	talk.politics.guns	3.148736875567676E-5	talk.politics.mideast	0.9988029636848753	talk.politics.misc	0.0011655489463690083
array:135	talk.politics.guns	4.809050795393345E-4	talk.politics.mideast	0.8465604272008768	talk.politics.misc	0.15295866771958386
array:136	talk.politics.guns	9.68890550900513E-10	talk.politics.mideast	0.9999827956579063	talk.politics.misc	1.720337320322002E-5
array:137	talk.politics.guns	0.005594744352938636	talk.politics.mideast	0.988740197040392	talk.politics.misc	0.005665058606669565
array:138	talk.politics.guns	2.0325091588526134E-5	talk.politics.mideast	0.9984055110846899	talk.politics.misc	0.0015741638237215826
array:139	talk.politics.guns	3.2870530441681824E-6	talk.politics.mideast	0.9934004467661626	talk.politics.misc	0.006596266180793417
array:140	talk.politics.guns	5.24518950353605E-6	talk.politics.mideast	0.9999456055054177	talk.politics.misc	4.9149305078786106E-5
array:141	talk.politics.guns	1.8443339670422106E-6	talk.politics.mideast	0.9997197435654966	talk.politics.misc	2.7841210053641444E-4
array:142	talk.politics.guns	0.0011861563583680608	talk.politics.mideast	0.9988038917825823	talk.politics.misc	9.951859049683585E-6
array:143	talk.politics.guns	1.6321764382707956E-10	talk.politics.mideast	0.9999999048484252	talk.politics.misc	9.498835722998944E-8
array:144	talk.politics.guns	0.01755212702832105	talk.politics.mideast	0.00734953128438034	talk.politics.misc	0.9750983416872987
array:145	talk.politics.guns	6.211404507479004E-7	talk.politics.mideast	0.9998925561888521	talk.politics.misc	1.0682267069709528E-4
array:146	talk.politics.guns	6.6164314570882786E-6	talk.politics.mideast	0.9995244607352327	talk.politics.misc	4.6892283331018017E-4
array:147	talk.politics.guns	5.7068341371219876E-5	talk.politics.mideast	0.9992267935056819	talk.politics.misc	7.161381529470006E-4
array:148	talk.politics.guns	2.217111525672557E-5	talk.politics.mideast	0.9644032659568295	talk.politics.misc	0.03557456292791382
array:149	talk.politics.guns	0.040065770943240875	talk.politics.mideast	0.6367140878379163	talk.politics.misc	0.3232201412188428
array:150	talk.politics.guns	4.141377915952811E-5	talk.politics.mideast	0.9997793567846687	talk.politics.misc	1.792294361717942E-4
array:151	talk.politics.guns	0.0028380105551125694	talk.politics.mideast	0.9410509211389843	talk.politics.misc	0.05611106830590318
array:152	talk.politics.guns	0.09171131619336241	talk.politics.mideast	0.6595728455926438	talk.politics.misc	0.24871583821399368
array:153	talk.politics.guns	2.657093771144397E-4	talk.politics.mideast	0.9992542615404394	talk.politics.misc	4.800290824460649E-4
array:154	talk.politics.guns	1.610032463277655E-5	talk.politics.mideast	0.9997607967294476	talk.politics.misc	2.2310294591964592E-4
array:155	talk.politics.guns	2.016330199166438E-6	talk.politics.mideast	0.9999134595037987	talk.politics.misc	8.452416600204896E-5
array:156	talk.politics.guns	0.003596632815783873	talk.politics.mideast	0.9910929169032943	talk.politics.misc	0.005310450280921695
array:157	talk.politics.guns	3.727042108336439E-6	talk.politics.mideast	0.9999928264631539	talk.politics.misc	3.4464947376366103E-6
array:158	talk.politics.guns	2.772024189628372E-9	talk.politics.mideast	0.9999995206700499	talk.politics.misc	4.765579258966033E-7
array:159	talk.politics.guns	1.827608089944848E-4	talk.politics.mideast	0.9997746281373925	talk.politics.misc	4.261105361294351E-5
array:160	talk.politics.guns	1.098095234131438E-6	talk.politics.mideast	0.9977671696686984	talk.politics.misc	0.002231732236067537
array:161	talk.politics.guns	0.020487460926667443	talk.politics.mideast	0.9664182304061769	talk.politics.misc	0.013094308667155437
array:162	talk.politics.guns	1.781468601949813E-4	talk.politics.mideast	0.9996996618176377	talk.politics.misc	1.2219132216729066E-4
array:163	talk.politics.guns	2.612253726617187E-7	talk.politics.mideast	0.9999929338712514	talk.politics.misc	6.80490337595366E-6
array:164	talk.politics.guns	6.604690626720453E-7	talk.politics.mideast	0.999597145567987	talk.politics.misc	4.021939629503676E-4
array:165	talk.politics.guns	4.709909945124697E-5	talk.politics.mideast	0.999637580378408	talk.politics.misc	3.153205221406834E-4
array:166	talk.politics.guns	4.2773177924443694E-6	talk.politics.mideast	0.9998487700297896	talk.politics.misc	1.4695265241800972E-4
array:167	talk.politics.guns	1.1452882149712595E-4	talk.politics.mideast	0.9792737750727707	talk.politics.misc	0.020611696105732245
array:168	talk.politics.guns	4.4152597187235414E-4	talk.politics.mideast	0.9930342015518125	talk.politics.misc	0.006524272476315215
array:169	talk.politics.guns	9.409293299260765E-7	talk.politics.mideast	0.9997507194016889	talk.politics.misc	2.483396689811535E-4
array:170	talk.politics.guns	2.0887672506641E-7	talk.politics.mideast	0.99996428145323	talk.politics.misc	3.5509670044928004E-5
array:171	talk.politics.guns	5.764253298632323E-4	talk.politics.mideast	0.9986956193877075	talk.politics.misc	7.279552824293831E-4
array:172	talk.politics.guns	0.009985564602266092	talk.politics.mideast	0.9637898196728145	talk.politics.misc	0.02622461572491945
array:173	talk.politics.guns	2.0325526988719687E-6	talk.politics.mideast	0.9999837249902269	talk.politics.misc	1.4242457074182936E-5
array:174	talk.politics.guns	0.0018874338872598654	talk.politics.mideast	0.9742618614723316	talk.politics.misc	0.023850704640408595
array:175	talk.politics.guns	0.0014164245868275702	talk.politics.mideast	0.9971238522973145	talk.politics.misc	0.0014597231158579378
array:176	talk.politics.guns	0.010723980065692482	talk.politics.mideast	0.9885035424468706	talk.politics.misc	7.72477487436801E-4
array:177	talk.politics.guns	2.0427883842108946E-5	talk.politics.mideast	0.9974952570189025	talk.politics.misc	0.0024843150972552784
array:178	talk.politics.guns	5.098733209924428E-5	talk.politics.mideast	0.9891114244790858	talk.politics.misc	0.010837588188814947
array:179	talk.politics.guns	5.264852293423052E-5	talk.politics.mideast	0.999454195069767	talk.politics.misc	4.931564072988512E-4
array:180	talk.politics.guns	8.992892754986351E-4	talk.politics.mideast	0.9723114217695624	talk.politics.misc	0.026789288954938862
array:181	talk.politics.guns	0.022437728243442173	talk.politics.mideast	0.9424710543114785	talk.politics.misc	0.035091217445079155
array:182	talk.politics.guns	3.3162604808244264E-5	talk.politics.mideast	0.9962970713797358	talk.politics.misc	0.0036697660154558854
array:183	talk.politics.guns	1.6218770124453605E-6	talk.politics.mideast	0.9998743343187431	talk.politics.misc	1.2404380424452257E-4
array:184	talk.politics.guns	3.907871827692708E-9	talk.politics.mideast	0.9999965525266665	talk.politics.misc	3.4435654615550534E-6
array:185	talk.politics.guns	1.3574806855187309E-6	talk.politics.mideast	0.9946590351352869	talk.politics.misc	0.005339607384027602
array:186	talk.politics.guns	5.39780890321414E-7	talk.politics.mideast	0.9664732131727534	talk.politics.misc	0.03352624704635643
array:187	talk.politics.guns	1.1291090011003872E-6	talk.politics.mideast	0.9972791051156259	talk.politics.misc	0.002719765775373156
array:188	talk.politics.guns	0.01780009109858891	talk.politics.mideast	0.9620999225275347	talk.politics.misc	0.020099986373876385
array:189	talk.politics.guns	0.7355394819804824	talk.politics.mideast	0.19140111798055656	talk.politics.misc	0.07305940003896114
array:190	talk.politics.guns	0.018251818538829626	talk.politics.mideast	0.9505377108025329	talk.politics.misc	0.031210470658637475
array:191	talk.politics.guns	0.5033756304662159	talk.politics.mideast	0.4084469067449327	talk.politics.misc	0.0881774627888514
array:192	talk.politics.guns	6.211121661088046E-6	talk.politics.mideast	0.998458486021196	talk.politics.misc	0.0015353028571427586
array:193	talk.politics.guns	0.045083663532938086	talk.politics.mideast	0.9458365825005031	talk.politics.misc	0.009079753966558846
array:194	talk.politics.guns	0.016492365671733414	talk.politics.mideast	0.9754531572829619	talk.politics.misc	0.008054477045304802
array:195	talk.politics.guns	0.009671166255726256	talk.politics.mideast	0.9484373216072337	talk.politics.misc	0.041891512137040086
array:196	talk.politics.guns	0.11788452476963147	talk.politics.mideast	0.6705080287316832	talk.politics.misc	0.21160744649868515
array:197	talk.politics.guns	0.012181388610759816	talk.politics.mideast	0.6770470846448209	talk.politics.misc	0.3107715267444192
array:198	talk.politics.guns	0.04946288179688272	talk.politics.mideast	0.691696102372229	talk.politics.misc	0.2588410158308882
array:199	talk.politics.guns	7.674893548409323E-5	talk.politics.mideast	0.9366768178456001	talk.politics.misc	0.06324643321891589
array:200	talk.politics.guns	0.9960212807176723	talk.politics.mideast	0.0038715327262471445	talk.politics.misc	1.071865560806903E-4
array:201	talk.politics.guns	1.2662976815255446E-5	talk.politics.mideast	2.8299982709831435E-4	talk.politics.misc	0.9997043371960864
array:202	talk.politics.guns	7.293799556510755E-4	talk.politics.mideast	3.2674630336317203E-4	talk.politics.misc	0.9989438737409857
array:203	talk.politics.guns	8.798842440290696E-4	talk.politics.mideast	0.003330012782725733	talk.politics.misc	0.9957901029732452
array:204	talk.politics.guns	0.024143197427244457	talk.politics.mideast	0.0029398914609331615	talk.politics.misc	0.9729169111118223
array:205	talk.politics.guns	0.0021686491418795566	talk.politics.mideast	0.0010708114061665933	talk.politics.misc	0.996760539451954
array:206	talk.politics.guns	0.01487522817565194	talk.politics.mideast	0.039943094836742285	talk.politics.misc	0.9451816769876058
array:207	talk.politics.guns	0.0035074848572113028	talk.politics.mideast	0.0013839042597273343	talk.politics.misc	0.9951086108830612
array:208	talk.politics.guns	0.8215622603526966	talk.politics.mideast	0.04707590322479387	talk.politics.misc	0.13136183642250943
array:209	talk.politics.guns	1.6602742591797882E-4	talk.politics.mideast	0.045362713828593186	talk.politics.misc	0.9544712587454889
array:210	talk.politics.guns	4.6189159452282363E-4	talk.politics.mideast	0.0020645096831982596	talk.politics.misc	0.9974735987222789
array:211	talk.politics.guns	0.31339013850868935	talk.politics.mideast	0.039194749865526415	talk.politics.misc	0.6474151116257842
array:212	talk.politics.guns	0.005756120064903862	talk.politics.mideast	3.2606440672087995E-8	talk.politics.misc	0.9942438473286555
array:213	talk.politics.guns	0.2652373016621469	talk.politics.mideast	9.305997184319922E-5	talk.politics.misc	0.73466963836601
array:214	talk.politics.guns	7.479248518948673E-5	talk.politics.mideast	1.2563088726157738E-6	talk.politics.misc	0.9999239512059379
array:215	talk.politics.guns	0.004664558517789504	talk.politics.mideast	0.9596729114667734	talk.politics.misc	0.035662530015437156
array:216	talk.politics.guns	4.3123020932878695E-5	talk.politics.mideast	6.085815980507426E-6	talk.politics.misc	0.9999507911630866
array:217	talk.politics.guns	0.0016450835565142128	talk.politics.mideast	1.4496010319599986E-4	talk.politics.misc	0.9982099563402899
array:218	talk.politics.guns	0.37557496686532915	talk.politics.mideast	0.41450588889232454	talk.politics.misc	0.20991914424234634
array:219	talk.politics.guns	0.4308919257884536	talk.politics.mideast	0.00390037539677597	talk.politics.misc	0.5652076988147704
array:220	talk.politics.guns	3.62122389621343E-4	talk.politics.mideast	4.74212336813599E-4	talk.politics.misc	0.9991636652735649
array:221	talk.politics.guns	0.022063722899333966	talk.politics.mideast	0.00457682902122581	talk.politics.misc	0.9733594480794402
array:222	talk.politics.guns	0.013264694707608557	talk.politics.mideast	6.042686947251875E-4	talk.politics.misc	0.9861310365976663
array:223	talk.politics.guns	0.005606356442381563	talk.politics.mideast	0.9917070103113391	talk.politics.misc	0.002686633246279295
array:224	talk.politics.guns	0.002270501218315085	talk.politics.mideast	0.027972885525419537	talk.politics.misc	0.9697566132562654
array:225	talk.politics.guns	0.0911587648556206	talk.politics.mideast	0.06617136174445942	talk.politics.misc	0.84266987339992
array:226	talk.politics.guns	0.0036494305824810195	talk.politics.mideast	0.0010532760031450718	talk.politics.misc	0.995297293414374
array:227	talk.politics.guns	0.14581420978752543	talk.politics.mideast	0.0018066729996419305	talk.politics.misc	0.8523791172128327
array:228	talk.politics.guns	0.9657897248883489	talk.politics.mideast	0.007071073560249768	talk.politics.misc	0.027139201551401284
array:229	talk.politics.guns	0.3748578720857239	talk.politics.mideast	0.014274659009336539	talk.politics.misc	0.6108674689049396
array:230	talk.politics.guns	0.037141037180692796	talk.politics.mideast	0.03190167570842121	talk.politics.misc	0.930957287110886
array:231	talk.politics.guns	0.9485565693849991	talk.politics.mideast	0.005498794646736949	talk.politics.misc	0.04594463596826395
array:232	talk.politics.guns	0.0015231260879843536	talk.politics.mideast	0.0013649071037423767	talk.politics.misc	0.9971119668082734
array:233	talk.politics.guns	0.002182184745080934	talk.politics.mideast	4.236781018447709E-4	talk.politics.misc	0.9973941371530743
array:234	talk.politics.guns	0.004475318934804012	talk.politics.mideast	5.963814846197109E-4	talk.politics.misc	0.9949282995805763
array:235	talk.politics.guns	0.886439371406964	talk.politics.mideast	2.5189880119903655E-4	talk.politics.misc	0.11330872979183705
array:236	talk.politics.guns	0.021635694626973553	talk.politics.mideast	7.537406879860646E-4	talk.politics.misc	0.9776105646850404
array:237	talk.politics.guns	1.3872936012377919E-5	talk.politics.mideast	6.893238392931373E-6	talk.politics.misc	0.9999792338255947
array:238	talk.politics.guns	0.48112187465850526	talk.politics.mideast	0.4182936893237712	talk.politics.misc	0.10058443601772352
array:239	talk.politics.guns	0.00333706090706125	talk.politics.mideast	0.012939110569779068	talk.politics.misc	0.9837238285231596
array:240	talk.politics.guns	1.565829521744068E-7	talk.politics.mideast	0.9991997255003762	talk.politics.misc	8.001179166715615E-4
array:241	talk.politics.guns	7.734322016824202E-9	talk.politics.mideast	2.619730811505662E-6	talk.politics.misc	0.9999973725348665
array:242	talk.politics.guns	0.044737502304092826	talk.politics.mideast	0.0020375927814748557	talk.politics.misc	0.9532249049144323
array:243	talk.politics.guns	0.11784936702235864	talk.politics.mideast	0.005971755859598514	talk.politics.misc	0.8761788771180428
array:244	talk.politics.guns	0.0015009081308540928	talk.politics.mideast	0.986612035930028	talk.politics.misc	0.011887055939117869
array:245	talk.politics.guns	0.08846023391889173	talk.politics.mideast	0.0030562519017516086	talk.politics.misc	0.9084835141793566
array:246	talk.politics.guns	0.0021653694063269798	talk.politics.mideast	0.06655356278667461	talk.politics.misc	0.9312810678069985
array:247	talk.politics.guns	0.9757759589655626	talk.politics.mideast	1.626847936425541E-4	talk.politics.misc	0.024061356240794904
array:248	talk.politics.guns	0.022322716938556048	talk.politics.mideast	7.494550503838983E-4	talk.politics.misc	0.9769278280110599
array:249	talk.politics.guns	0.5514865731854851	talk.politics.mideast	0.0017653587347906396	talk.politics.misc	0.4467480680797243
array:250	talk.politics.guns	0.5174619964725393	talk.politics.mideast	0.0015676064599788148	talk.politics.misc	0.4809703970674818
array:251	talk.politics.guns	1.8845312921686088E-5	talk.politics.mideast	3.4756478780751154E-6	talk.politics.misc	0.9999776790392002
array:252	talk.politics.guns	0.0035417090933279063	talk.politics.mideast	0.0024980739271232913	talk.politics.misc	0.9939602169795487
array:253	talk.politics.guns	0.035183141322433324	talk.politics.mideast	0.001455847695235966	talk.politics.misc	0.9633610109823306
array:254	talk.politics.guns	0.028380279879755072	talk.politics.mideast	0.003270939198756345	talk.politics.misc	0.9683487809214886
array:255	talk.politics.guns	0.6861224637470267	talk.politics.mideast	0.012447604431766485	talk.politics.misc	0.3014299318212069
array:256	talk.politics.guns	0.09428139000925424	talk.politics.mideast	1.6836314937921328E-6	talk.politics.misc	0.9057169263592519
array:257	talk.politics.guns	0.9451867577428388	talk.politics.mideast	5.070945033001792E-4	talk.politics.misc	0.054306147753861125
array:258	talk.politics.guns	0.012000640905052831	talk.politics.mideast	0.0019924919301761703	talk.politics.misc	0.9860068671647709
array:259	talk.politics.guns	0.14699485429233136	talk.politics.mideast	0.03165578219757468	talk.politics.misc	0.821349363510094
array:260	talk.politics.guns	4.516302790017835E-4	talk.politics.mideast	1.710052865197275E-4	talk.politics.misc	0.9993773644344784
array:261	talk.politics.guns	0.34903187646138933	talk.politics.mideast	0.168857801991598	talk.politics.misc	0.4821103215470127
array:262	talk.politics.guns	4.92394108520371E-4	talk.politics.mideast	1.5123963524870198E-4	talk.politics.misc	0.9993563662562309
array:263	talk.politics.guns	0.38082720514458074	talk.politics.mideast	0.05704078032395672	talk.politics.misc	0.5621320145314626
array:264	talk.politics.guns	4.962189235160364E-4	talk.politics.mideast	1.1457273731532693E-4	talk.politics.misc	0.9993892083391688
array:265	talk.politics.guns	0.015219404738273127	talk.politics.mideast	7.829063019171548E-4	talk.politics.misc	0.9839976889598097
array:266	talk.politics.guns	0.004990638437694116	talk.politics.mideast	0.005166618970607524	talk.politics.misc	0.9898427425916984
array:267	talk.politics.guns	0.7041135975264147	talk.politics.mideast	0.10682658906270355	talk.politics.misc	0.18905981341088174
array:268	talk.politics.guns	0.305799640050135	talk.politics.mideast	0.03985939418423223	talk.politics.misc	0.6543409657656327
array:269	talk.politics.guns	0.2740873534033484	talk.politics.mideast	0.01061193133589391	talk.politics.misc	0.7153007152607577
array:270	talk.politics.guns	0.8184972772575239	talk.politics.mideast	0.03417593428272781	talk.politics.misc	0.1473267884597483
array:271	talk.politics.guns	0.008152380649363999	talk.politics.mideast	1.9077594731077984E-5	talk.politics.misc	0.991828541755905
array:272	talk.politics.guns	0.03801847267497187	talk.politics.mideast	0.08298392930516343	talk.politics.misc	0.8789975980198647
array:273	talk.politics.guns	0.9995720298130946	talk.politics.mideast	1.8372612093816725E-4	talk.politics.misc	2.442440659672695E-4
array:274	talk.politics.guns	0.5452103793437001	talk.politics.mideast	0.04282805971147122	talk.politics.misc	0.4119615609448287
array:275	talk.politics.guns	0.9877333809604734	talk.politics.mideast	5.828626161355538E-5	talk.politics.misc	0.0122083327779131
array:276	talk.politics.guns	0.07409722052605452	talk.politics.mideast	0.0019170254119297628	talk.politics.misc	0.9239857540620158
array:277	talk.politics.guns	0.0035477586966461373	talk.politics.mideast	0.0027831435963760432	talk.politics.misc	0.993669097706978
array:278	talk.politics.guns	0.12449946222725099	talk.politics.mideast	0.5545183462697978	talk.politics.misc	0.3209821915029514
array:279	talk.politics.guns	0.8656373140638645	talk.politics.mideast	0.02761213515629262	talk.politics.misc	0.10675055077984277
array:280	talk.politics.guns	0.963415155634056	talk.politics.mideast	0.002575431887855719	talk.politics.misc	0.03400941247808832
array:281	talk.politics.guns	0.01704925452432713	talk.politics.mideast	0.35518869881541454	talk.politics.misc	0.6277620466602584
array:282	talk.politics.guns	0.04252666085356214	talk.politics.mideast	0.004041534270455142	talk.politics.misc	0.9534318048759827
array:283	talk.politics.guns	0.004619993658999039	talk.politics.mideast	3.3430712783473623E-6	talk.politics.misc	0.9953766632697225
array:284	talk.politics.guns	0.2747853569796859	talk.politics.mideast	2.82318276902121E-4	talk.politics.misc	0.7249323247434118
array:285	talk.politics.guns	0.012815139699451483	talk.politics.mideast	0.011548567383666783	talk.politics.misc	0.9756362929168817
array:286	talk.politics.guns	0.3687940895252295	talk.politics.mideast	1.8609881213104763E-4	talk.politics.misc	0.6310198116626394
array:287	talk.politics.guns	0.003210919911368939	talk.politics.mideast	0.001242845960292836	talk.politics.misc	0.9955462341283383
array:288	talk.politics.guns	0.020064816342776726	talk.politics.mideast	6.278303518271621E-4	talk.politics.misc	0.9793073533053962
array:289	talk.politics.guns	0.5057350681964532	talk.politics.mideast	8.217834857923579E-4	talk.politics.misc	0.49344314831775454
array:290	talk.politics.guns	1.7476273917346649E-4	talk.politics.mideast	6.167448987201025E-5	talk.politics.misc	0.9997635627709546
array:291	talk.politics.guns	2.988863345631446E-4	talk.politics.mideast	2.5324015280422506E-6	talk.politics.misc	0.9996985812639089
array:292	talk.politics.guns	1.0612362748680958E-5	talk.politics.mideast	8.276283372843442E-6	talk.politics.misc	0.9999811113538786
array:293	talk.politics.guns	6.380450291470176E-5	talk.politics.mideast	0.007458446821961431	talk.politics.misc	0.9924777486751238
array:294	talk.politics.guns	8.48331066841014E-5	talk.politics.mideast	3.754510000842961E-4	talk.politics.misc	0.9995397158932315
array:295	talk.politics.guns	0.05479005574724812	talk.politics.mideast	0.0017512800639491834	talk.politics.misc	0.9434586641888026
array:296	talk.politics.guns	1.3167968176566925E-4	talk.politics.mideast	1.884499821635229E-6	talk.politics.misc	0.9998664358184126
array:297	talk.politics.guns	7.507233350682054E-5	talk.politics.mideast	4.2198871033937894E-5	talk.politics.misc	0.9998827287954591
array:298	talk.politics.guns	0.5167266307764868	talk.politics.mideast	0.03238960648621485	talk.politics.misc	0.45088376273729835
array:299	talk.politics.guns	4.3570666384830413E-4	talk.politics.mideast	2.735794011234891E-4	talk.politics.misc	0.9992907139350281
