preparing the classifier...
classifying test file...
array:0	c	c 0.0753662109375 notC 0.0188415527344 
array:1	c	c 0.0753662109375 notC 0.0188415527344 
array:2	c	c 0.0753662109375 notC 0.0188415527344 
array:3	notC	notC 0.0146545410156 c 0.0046142578125 
