preparing the classifier...
classifying test file...
array:0	talk.politics.guns	talk.politics.mideast 0.359930349879 talk.politics.misc 0.337773409285 talk.politics.guns 0.302296240836 
array:1	talk.politics.guns	talk.politics.mideast 0.347532756503 talk.politics.misc 0.337274654788 talk.politics.guns 0.315192588708 
array:2	talk.politics.guns	talk.politics.mideast 0.355465560811 talk.politics.misc 0.33510469511 talk.politics.guns 0.309429744078 
array:3	talk.politics.guns	talk.politics.mideast 0.339144641967 talk.politics.misc 0.334513021599 talk.politics.guns 0.326342336434 
array:4	talk.politics.guns	talk.politics.mideast 0.35050565745 talk.politics.misc 0.332939953007 talk.politics.guns 0.316554389544 
array:5	talk.politics.guns	talk.politics.mideast 0.349366071799 talk.politics.misc 0.345044810204 talk.politics.guns 0.305589117997 
array:6	talk.politics.guns	talk.politics.mideast 0.357887391669 talk.politics.misc 0.340853845829 talk.politics.guns 0.301258762502 
array:7	talk.politics.guns	talk.politics.mideast 0.346271858864 talk.politics.misc 0.345973741989 talk.politics.guns 0.307754399147 
array:8	talk.politics.guns	talk.politics.mideast 0.345170806834 talk.politics.misc 0.328415078108 talk.politics.guns 0.326414115057 
array:9	talk.politics.guns	talk.politics.mideast 0.357403403463 talk.politics.misc 0.33981638182 talk.politics.guns 0.302780214716 
array:10	talk.politics.guns	talk.politics.mideast 0.355006374234 talk.politics.misc 0.340248270041 talk.politics.guns 0.304745355725 
array:11	talk.politics.guns	talk.politics.mideast 0.355527548041 talk.politics.misc 0.334034237655 talk.politics.guns 0.310438214304 
array:12	talk.politics.guns	talk.politics.guns 0.348131660264 talk.politics.mideast 0.328408469887 talk.politics.misc 0.323459869849 
array:13	talk.politics.guns	talk.politics.guns 0.342970616496 talk.politics.mideast 0.329760968679 talk.politics.misc 0.327268414825 
array:14	talk.politics.guns	talk.politics.guns 0.339354061894 talk.politics.mideast 0.330419208603 talk.politics.misc 0.330226729503 
array:15	talk.politics.guns	talk.politics.mideast 0.356680779835 talk.politics.misc 0.329845653487 talk.politics.guns 0.313473566678 
array:16	talk.politics.guns	talk.politics.mideast 0.35524224757 talk.politics.misc 0.332913333811 talk.politics.guns 0.31184441862 
array:17	talk.politics.guns	talk.politics.mideast 0.355091123354 talk.politics.misc 0.328402320873 talk.politics.guns 0.316506555772 
array:18	talk.politics.guns	talk.politics.mideast 0.370431695474 talk.politics.misc 0.345813216537 talk.politics.guns 0.283755087989 
array:19	talk.politics.guns	talk.politics.mideast 0.349734090759 talk.politics.misc 0.338727038024 talk.politics.guns 0.311538871217 
array:20	talk.politics.guns	talk.politics.mideast 0.356899289456 talk.politics.misc 0.340343428867 talk.politics.guns 0.302757281677 
array:21	talk.politics.guns	talk.politics.mideast 0.352135829067 talk.politics.misc 0.33512137739 talk.politics.guns 0.312742793542 
array:22	talk.politics.guns	talk.politics.mideast 0.347245540334 talk.politics.misc 0.335181561753 talk.politics.guns 0.317572897914 
array:23	talk.politics.guns	talk.politics.mideast 0.340918904879 talk.politics.guns 0.33392118896 talk.politics.misc 0.325159906161 
array:24	talk.politics.guns	talk.politics.misc 0.339639393345 talk.politics.mideast 0.335886970569 talk.politics.guns 0.324473636086 
array:25	talk.politics.guns	talk.politics.mideast 0.344633358972 talk.politics.misc 0.332289096339 talk.politics.guns 0.32307754469 
array:26	talk.politics.guns	talk.politics.misc 0.338775575629 talk.politics.mideast 0.33670018445 talk.politics.guns 0.32452423992 
array:27	talk.politics.guns	talk.politics.mideast 0.340334436935 talk.politics.misc 0.338296426409 talk.politics.guns 0.321369136657 
array:28	talk.politics.guns	talk.politics.mideast 0.350646840361 talk.politics.misc 0.339998026631 talk.politics.guns 0.309355133007 
array:29	talk.politics.guns	talk.politics.mideast 0.349160540848 talk.politics.misc 0.341549575116 talk.politics.guns 0.309289884036 
array:30	talk.politics.guns	talk.politics.mideast 0.358337644398 talk.politics.misc 0.335269871781 talk.politics.guns 0.306392483821 
array:31	talk.politics.guns	talk.politics.mideast 0.363294259688 talk.politics.misc 0.338460547083 talk.politics.guns 0.298245193229 
array:32	talk.politics.guns	talk.politics.mideast 0.341685348692 talk.politics.misc 0.339000583505 talk.politics.guns 0.319314067803 
array:33	talk.politics.guns	talk.politics.misc 0.340824593287 talk.politics.mideast 0.338323717576 talk.politics.guns 0.320851689137 
array:34	talk.politics.guns	talk.politics.mideast 0.360213309926 talk.politics.misc 0.342508863022 talk.politics.guns 0.297277827052 
array:35	talk.politics.guns	talk.politics.mideast 0.349699497225 talk.politics.misc 0.340739352552 talk.politics.guns 0.309561150223 
array:36	talk.politics.guns	talk.politics.mideast 0.345575508266 talk.politics.misc 0.340443506283 talk.politics.guns 0.313980985451 
array:37	talk.politics.guns	talk.politics.mideast 0.348899558757 talk.politics.misc 0.336471740622 talk.politics.guns 0.31462870062 
array:38	talk.politics.guns	talk.politics.mideast 0.351157480489 talk.politics.misc 0.346249778852 talk.politics.guns 0.302592740659 
array:39	talk.politics.guns	talk.politics.mideast 0.350121333598 talk.politics.misc 0.348465354921 talk.politics.guns 0.301413311481 
array:40	talk.politics.guns	talk.politics.misc 0.342506385724 talk.politics.mideast 0.334227839672 talk.politics.guns 0.323265774604 
array:41	talk.politics.guns	talk.politics.mideast 0.346809625209 talk.politics.misc 0.334879649881 talk.politics.guns 0.31831072491 
array:42	talk.politics.guns	talk.politics.misc 0.342916790371 talk.politics.mideast 0.342670632801 talk.politics.guns 0.314412576828 
array:43	talk.politics.guns	talk.politics.mideast 0.34974936753 talk.politics.misc 0.342842735152 talk.politics.guns 0.307407897317 
array:44	talk.politics.guns	talk.politics.mideast 0.347092197577 talk.politics.misc 0.333170356774 talk.politics.guns 0.319737445649 
array:45	talk.politics.guns	talk.politics.misc 0.344471437669 talk.politics.mideast 0.344461782677 talk.politics.guns 0.311066779654 
array:46	talk.politics.guns	talk.politics.mideast 0.340854291486 talk.politics.guns 0.330966760267 talk.politics.misc 0.328178948247 
array:47	talk.politics.guns	talk.politics.misc 0.34446174792 talk.politics.mideast 0.342980856816 talk.politics.guns 0.312557395264 
array:48	talk.politics.guns	talk.politics.misc 0.345235228097 talk.politics.mideast 0.328524113753 talk.politics.guns 0.32624065815 
array:49	talk.politics.guns	talk.politics.mideast 0.351219415558 talk.politics.guns 0.330558658658 talk.politics.misc 0.318221925784 
array:50	talk.politics.guns	talk.politics.mideast 0.35128078125 talk.politics.misc 0.34481315782 talk.politics.guns 0.30390606093 
array:51	talk.politics.guns	talk.politics.mideast 0.351357110557 talk.politics.misc 0.340634234398 talk.politics.guns 0.308008655045 
array:52	talk.politics.guns	talk.politics.mideast 0.35515579831 talk.politics.misc 0.334791927982 talk.politics.guns 0.310052273708 
array:53	talk.politics.guns	talk.politics.misc 0.359463477543 talk.politics.mideast 0.356406571142 talk.politics.guns 0.284129951315 
array:54	talk.politics.guns	talk.politics.mideast 0.343863495956 talk.politics.misc 0.339688112592 talk.politics.guns 0.316448391452 
array:55	talk.politics.guns	talk.politics.mideast 0.35640399001 talk.politics.misc 0.329542468063 talk.politics.guns 0.314053541928 
array:56	talk.politics.guns	talk.politics.mideast 0.337246942235 talk.politics.guns 0.334962022338 talk.politics.misc 0.327791035427 
array:57	talk.politics.guns	talk.politics.mideast 0.357528006574 talk.politics.misc 0.330207547335 talk.politics.guns 0.31226444609 
array:58	talk.politics.guns	talk.politics.mideast 0.342191153017 talk.politics.guns 0.334361784112 talk.politics.misc 0.323447062871 
array:59	talk.politics.guns	talk.politics.mideast 0.348721580813 talk.politics.misc 0.337836014964 talk.politics.guns 0.313442404223 
array:60	talk.politics.guns	talk.politics.mideast 0.355736843658 talk.politics.misc 0.341806556777 talk.politics.guns 0.302456599565 
array:61	talk.politics.guns	talk.politics.misc 0.34623282108 talk.politics.mideast 0.337609678669 talk.politics.guns 0.316157500251 
array:62	talk.politics.guns	talk.politics.mideast 0.359053742052 talk.politics.misc 0.33385459394 talk.politics.guns 0.307091664008 
array:63	talk.politics.guns	talk.politics.mideast 0.371226735127 talk.politics.misc 0.329186937756 talk.politics.guns 0.299586327117 
array:64	talk.politics.guns	talk.politics.mideast 0.365197418965 talk.politics.misc 0.33273869483 talk.politics.guns 0.302063886205 
array:65	talk.politics.guns	talk.politics.mideast 0.343463884448 talk.politics.misc 0.336556670581 talk.politics.guns 0.319979444971 
array:66	talk.politics.guns	talk.politics.mideast 0.34401699108 talk.politics.misc 0.33538393889 talk.politics.guns 0.32059907003 
array:67	talk.politics.guns	talk.politics.mideast 0.356922359371 talk.politics.misc 0.322851258039 talk.politics.guns 0.32022638259 
array:68	talk.politics.guns	talk.politics.mideast 0.353324525315 talk.politics.misc 0.335750693548 talk.politics.guns 0.310924781137 
array:69	talk.politics.guns	talk.politics.mideast 0.367343005565 talk.politics.misc 0.332557304009 talk.politics.guns 0.300099690425 
array:70	talk.politics.guns	talk.politics.mideast 0.354768899657 talk.politics.misc 0.342908717088 talk.politics.guns 0.302322383255 
array:71	talk.politics.guns	talk.politics.misc 0.339321111129 talk.politics.mideast 0.337944419514 talk.politics.guns 0.322734469357 
array:72	talk.politics.guns	talk.politics.misc 0.34270031952 talk.politics.mideast 0.340962662341 talk.politics.guns 0.316337018139 
array:73	talk.politics.guns	talk.politics.mideast 0.364666094288 talk.politics.misc 0.323695028106 talk.politics.guns 0.311638877606 
array:74	talk.politics.guns	talk.politics.mideast 0.345055456357 talk.politics.misc 0.335414807521 talk.politics.guns 0.319529736122 
array:75	talk.politics.guns	talk.politics.misc 0.345385598611 talk.politics.mideast 0.333260255828 talk.politics.guns 0.321354145561 
array:76	talk.politics.guns	talk.politics.mideast 0.352067356899 talk.politics.misc 0.335496674833 talk.politics.guns 0.312435968267 
array:77	talk.politics.guns	talk.politics.mideast 0.359204951673 talk.politics.misc 0.333927227021 talk.politics.guns 0.306867821307 
array:78	talk.politics.guns	talk.politics.misc 0.345440284108 talk.politics.mideast 0.336523329422 talk.politics.guns 0.318036386469 
array:79	talk.politics.guns	talk.politics.mideast 0.348591248252 talk.politics.misc 0.332151346854 talk.politics.guns 0.319257404894 
array:80	talk.politics.guns	talk.politics.mideast 0.357950527798 talk.politics.misc 0.345839135894 talk.politics.guns 0.296210336308 
array:81	talk.politics.guns	talk.politics.mideast 0.356079894031 talk.politics.misc 0.342449232437 talk.politics.guns 0.301470873532 
array:82	talk.politics.guns	talk.politics.mideast 0.339214506248 talk.politics.misc 0.337318772505 talk.politics.guns 0.323466721247 
array:83	talk.politics.guns	talk.politics.mideast 0.356456928713 talk.politics.misc 0.336820413534 talk.politics.guns 0.306722657752 
array:84	talk.politics.guns	talk.politics.misc 0.341196738894 talk.politics.mideast 0.337711204742 talk.politics.guns 0.321092056365 
array:85	talk.politics.guns	talk.politics.mideast 0.354557434433 talk.politics.misc 0.346029295932 talk.politics.guns 0.299413269635 
array:86	talk.politics.guns	talk.politics.mideast 0.358302031392 talk.politics.misc 0.343914747051 talk.politics.guns 0.297783221557 
array:87	talk.politics.guns	talk.politics.mideast 0.367556693242 talk.politics.misc 0.331766556783 talk.politics.guns 0.300676749975 
array:88	talk.politics.guns	talk.politics.mideast 0.35912631582 talk.politics.misc 0.332665853889 talk.politics.guns 0.30820783029 
array:89	talk.politics.guns	talk.politics.mideast 0.335500190814 talk.politics.misc 0.335259793605 talk.politics.guns 0.329240015581 
array:90	talk.politics.guns	talk.politics.mideast 0.347123589166 talk.politics.misc 0.33388154572 talk.politics.guns 0.318994865114 
array:91	talk.politics.guns	talk.politics.mideast 0.366020801511 talk.politics.misc 0.3572732316 talk.politics.guns 0.276705966889 
array:92	talk.politics.guns	talk.politics.mideast 0.353465905902 talk.politics.misc 0.337973843392 talk.politics.guns 0.308560250706 
array:93	talk.politics.guns	talk.politics.mideast 0.358288057642 talk.politics.misc 0.343502464284 talk.politics.guns 0.298209478074 
array:94	talk.politics.guns	talk.politics.mideast 0.357218986226 talk.politics.misc 0.338525198799 talk.politics.guns 0.304255814975 
array:95	talk.politics.guns	talk.politics.mideast 0.340748998668 talk.politics.misc 0.338355305991 talk.politics.guns 0.32089569534 
array:96	talk.politics.guns	talk.politics.mideast 0.348012026009 talk.politics.misc 0.340596427909 talk.politics.guns 0.311391546082 
array:97	talk.politics.guns	talk.politics.mideast 0.341452035085 talk.politics.misc 0.340405274073 talk.politics.guns 0.318142690842 
array:98	talk.politics.guns	talk.politics.mideast 0.360925875777 talk.politics.misc 0.355281251401 talk.politics.guns 0.283792872823 
array:99	talk.politics.guns	talk.politics.misc 0.344615589121 talk.politics.mideast 0.338539336248 talk.politics.guns 0.316845074631 
array:100	talk.politics.guns	talk.politics.mideast 0.34539871198 talk.politics.misc 0.337476813066 talk.politics.guns 0.317124474954 
array:101	talk.politics.guns	talk.politics.mideast 0.350154185008 talk.politics.misc 0.342488401366 talk.politics.guns 0.307357413626 
array:102	talk.politics.guns	talk.politics.mideast 0.356098809631 talk.politics.misc 0.340073682378 talk.politics.guns 0.303827507991 
array:103	talk.politics.guns	talk.politics.mideast 0.348238012817 talk.politics.misc 0.340704788389 talk.politics.guns 0.311057198793 
array:104	talk.politics.guns	talk.politics.mideast 0.345722295425 talk.politics.misc 0.338124325501 talk.politics.guns 0.316153379074 
array:105	talk.politics.guns	talk.politics.mideast 0.364291789363 talk.politics.misc 0.342617758625 talk.politics.guns 0.293090452011 
array:106	talk.politics.guns	talk.politics.mideast 0.36020455178 talk.politics.misc 0.334401377402 talk.politics.guns 0.305394070818 
array:107	talk.politics.guns	talk.politics.mideast 0.351534227505 talk.politics.misc 0.335672981359 talk.politics.guns 0.312792791137 
array:108	talk.politics.guns	talk.politics.mideast 0.365000703378 talk.politics.misc 0.341093440533 talk.politics.guns 0.293905856089 
array:109	talk.politics.guns	talk.politics.mideast 0.35260828745 talk.politics.misc 0.349923166067 talk.politics.guns 0.297468546483 
array:110	talk.politics.guns	talk.politics.mideast 0.373443204153 talk.politics.misc 0.349361627193 talk.politics.guns 0.277195168654 
array:111	talk.politics.guns	talk.politics.misc 0.342086286412 talk.politics.mideast 0.341678770449 talk.politics.guns 0.316234943138 
array:112	talk.politics.guns	talk.politics.mideast 0.347949229408 talk.politics.misc 0.346199097315 talk.politics.guns 0.305851673277 
array:113	talk.politics.guns	talk.politics.mideast 0.360317546563 talk.politics.misc 0.335406349872 talk.politics.guns 0.304276103565 
array:114	talk.politics.guns	talk.politics.mideast 0.347661432456 talk.politics.misc 0.338146465334 talk.politics.guns 0.31419210221 
array:115	talk.politics.guns	talk.politics.mideast 0.367810824817 talk.politics.misc 0.325808810637 talk.politics.guns 0.306380364546 
array:116	talk.politics.guns	talk.politics.mideast 0.359745963975 talk.politics.misc 0.323240492605 talk.politics.guns 0.317013543421 
array:117	talk.politics.guns	talk.politics.misc 0.347369000639 talk.politics.mideast 0.338975265023 talk.politics.guns 0.313655734338 
array:118	talk.politics.guns	talk.politics.mideast 0.35803614496 talk.politics.misc 0.33614053794 talk.politics.guns 0.3058233171 
array:119	talk.politics.guns	talk.politics.misc 0.341550710406 talk.politics.mideast 0.336638201464 talk.politics.guns 0.32181108813 
array:120	talk.politics.guns	talk.politics.mideast 0.34968359136 talk.politics.misc 0.343904443227 talk.politics.guns 0.306411965413 
array:121	talk.politics.guns	talk.politics.mideast 0.347938688383 talk.politics.misc 0.340081182354 talk.politics.guns 0.311980129263 
array:122	talk.politics.guns	talk.politics.mideast 0.363248716624 talk.politics.misc 0.336404560466 talk.politics.guns 0.30034672291 
array:123	talk.politics.guns	talk.politics.mideast 0.357042883618 talk.politics.misc 0.327660238756 talk.politics.guns 0.315296877626 
array:124	talk.politics.guns	talk.politics.mideast 0.350790671975 talk.politics.misc 0.345084876116 talk.politics.guns 0.30412445191 
array:125	talk.politics.guns	talk.politics.mideast 0.348043313459 talk.politics.misc 0.334979287838 talk.politics.guns 0.316977398703 
array:126	talk.politics.guns	talk.politics.mideast 0.334801951769 talk.politics.guns 0.334564130099 talk.politics.misc 0.330633918132 
array:127	talk.politics.guns	talk.politics.mideast 0.354659495208 talk.politics.misc 0.333124563407 talk.politics.guns 0.312215941385 
array:128	talk.politics.guns	talk.politics.mideast 0.341662939366 talk.politics.misc 0.340467359658 talk.politics.guns 0.317869700976 
array:129	talk.politics.guns	talk.politics.mideast 0.345485970474 talk.politics.misc 0.341118764309 talk.politics.guns 0.313395265217 
array:130	talk.politics.guns	talk.politics.mideast 0.348025911609 talk.politics.misc 0.334228414098 talk.politics.guns 0.317745674292 
array:131	talk.politics.guns	talk.politics.mideast 0.347672784079 talk.politics.misc 0.340828033781 talk.politics.guns 0.31149918214 
array:132	talk.politics.guns	talk.politics.mideast 0.344562696645 talk.politics.misc 0.335574215409 talk.politics.guns 0.319863087947 
array:133	talk.politics.guns	talk.politics.mideast 0.344972720007 talk.politics.misc 0.341794287255 talk.politics.guns 0.313232992738 
array:134	talk.politics.guns	talk.politics.mideast 0.342466326933 talk.politics.misc 0.3357682334 talk.politics.guns 0.321765439666 
array:135	talk.politics.guns	talk.politics.mideast 0.355821640627 talk.politics.misc 0.350980612638 talk.politics.guns 0.293197746735 
array:136	talk.politics.guns	talk.politics.mideast 0.34063056799 talk.politics.guns 0.331183954549 talk.politics.misc 0.328185477461 
array:137	talk.politics.guns	talk.politics.mideast 0.344887532064 talk.politics.misc 0.337545309277 talk.politics.guns 0.317567158659 
array:138	talk.politics.guns	talk.politics.mideast 0.34512281259 talk.politics.misc 0.334695940487 talk.politics.guns 0.320181246923 
array:139	talk.politics.guns	talk.politics.mideast 0.360212239216 talk.politics.misc 0.332024706818 talk.politics.guns 0.307763053966 
array:140	talk.politics.guns	talk.politics.mideast 0.350028359586 talk.politics.misc 0.334420883635 talk.politics.guns 0.315550756778 
array:141	talk.politics.guns	talk.politics.mideast 0.358691241201 talk.politics.misc 0.332541263732 talk.politics.guns 0.308767495067 
array:142	talk.politics.guns	talk.politics.misc 0.340954785883 talk.politics.mideast 0.33927779157 talk.politics.guns 0.319767422547 
array:143	talk.politics.guns	talk.politics.mideast 0.344500135148 talk.politics.misc 0.335987544213 talk.politics.guns 0.319512320639 
array:144	talk.politics.guns	talk.politics.mideast 0.349434640399 talk.politics.misc 0.340116228827 talk.politics.guns 0.310449130774 
array:145	talk.politics.guns	talk.politics.mideast 0.343286449229 talk.politics.misc 0.343242666181 talk.politics.guns 0.31347088459 
array:146	talk.politics.guns	talk.politics.mideast 0.35428109791 talk.politics.misc 0.338065899368 talk.politics.guns 0.307653002722 
array:147	talk.politics.guns	talk.politics.mideast 0.354579214336 talk.politics.misc 0.336207872617 talk.politics.guns 0.309212913046 
array:148	talk.politics.guns	talk.politics.mideast 0.355591923157 talk.politics.misc 0.344451800643 talk.politics.guns 0.2999562762 
array:149	talk.politics.guns	talk.politics.mideast 0.37114864499 talk.politics.misc 0.338713757221 talk.politics.guns 0.290137597789 
array:150	talk.politics.guns	talk.politics.misc 0.341524087134 talk.politics.mideast 0.338725030321 talk.politics.guns 0.319750882545 
array:151	talk.politics.guns	talk.politics.mideast 0.348093431284 talk.politics.misc 0.341987722766 talk.politics.guns 0.30991884595 
array:152	talk.politics.guns	talk.politics.mideast 0.344703098666 talk.politics.misc 0.33780986959 talk.politics.guns 0.317487031745 
array:153	talk.politics.guns	talk.politics.mideast 0.369781532166 talk.politics.misc 0.332655581744 talk.politics.guns 0.29756288609 
array:154	talk.politics.guns	talk.politics.mideast 0.348346226754 talk.politics.misc 0.340996236054 talk.politics.guns 0.310657537192 
array:155	talk.politics.guns	talk.politics.mideast 0.366731954487 talk.politics.misc 0.33298313598 talk.politics.guns 0.300284909533 
array:156	talk.politics.guns	talk.politics.mideast 0.347268521463 talk.politics.misc 0.336976735024 talk.politics.guns 0.315754743513 
array:157	talk.politics.guns	talk.politics.mideast 0.352924866727 talk.politics.misc 0.33960756125 talk.politics.guns 0.307467572023 
array:158	talk.politics.guns	talk.politics.misc 0.348570886977 talk.politics.mideast 0.344030623559 talk.politics.guns 0.307398489464 
array:159	talk.politics.guns	talk.politics.mideast 0.343174978645 talk.politics.misc 0.337772268394 talk.politics.guns 0.319052752961 
array:160	talk.politics.guns	talk.politics.mideast 0.346514123209 talk.politics.misc 0.343087877032 talk.politics.guns 0.310397999759 
array:161	talk.politics.guns	talk.politics.mideast 0.351042679192 talk.politics.guns 0.327582839946 talk.politics.misc 0.321374480862 
array:162	talk.politics.guns	talk.politics.misc 0.339971985573 talk.politics.mideast 0.338447893325 talk.politics.guns 0.321580121102 
array:163	talk.politics.guns	talk.politics.mideast 0.338417829301 talk.politics.misc 0.338360078613 talk.politics.guns 0.323222092086 
array:164	talk.politics.guns	talk.politics.mideast 0.346409760041 talk.politics.misc 0.3352802379 talk.politics.guns 0.318310002059 
array:165	talk.politics.guns	talk.politics.mideast 0.355542699077 talk.politics.misc 0.346200062599 talk.politics.guns 0.298257238325 
array:166	talk.politics.guns	talk.politics.misc 0.347634908619 talk.politics.mideast 0.339225842325 talk.politics.guns 0.313139249056 
array:167	talk.politics.guns	talk.politics.mideast 0.346563954454 talk.politics.misc 0.342713140849 talk.politics.guns 0.310722904697 
array:168	talk.politics.guns	talk.politics.mideast 0.355472866276 talk.politics.misc 0.348125673767 talk.politics.guns 0.296401459957 
array:169	talk.politics.guns	talk.politics.mideast 0.357491664505 talk.politics.misc 0.345818768472 talk.politics.guns 0.296689567023 
array:170	talk.politics.guns	talk.politics.mideast 0.360505868923 talk.politics.misc 0.344669342424 talk.politics.guns 0.294824788653 
array:171	talk.politics.guns	talk.politics.mideast 0.3501546128 talk.politics.misc 0.345010916712 talk.politics.guns 0.304834470489 
array:172	talk.politics.guns	talk.politics.mideast 0.363680744594 talk.politics.misc 0.333127020335 talk.politics.guns 0.303192235071 
array:173	talk.politics.guns	talk.politics.mideast 0.357784033911 talk.politics.misc 0.323453180331 talk.politics.guns 0.318762785758 
array:174	talk.politics.guns	talk.politics.mideast 0.352055266858 talk.politics.guns 0.326291307727 talk.politics.misc 0.321653425416 
array:175	talk.politics.guns	talk.politics.mideast 0.347495496425 talk.politics.misc 0.341531635578 talk.politics.guns 0.310972867998 
array:176	talk.politics.guns	talk.politics.mideast 0.348604524803 talk.politics.misc 0.33655867752 talk.politics.guns 0.314836797677 
array:177	talk.politics.guns	talk.politics.mideast 0.351393324943 talk.politics.misc 0.337562659207 talk.politics.guns 0.311044015851 
array:178	talk.politics.guns	talk.politics.mideast 0.360232710193 talk.politics.misc 0.3462768635 talk.politics.guns 0.293490426307 
array:179	talk.politics.guns	talk.politics.mideast 0.351804033664 talk.politics.misc 0.341550421215 talk.politics.guns 0.306645545121 
array:180	talk.politics.guns	talk.politics.mideast 0.344543813735 talk.politics.misc 0.341887267243 talk.politics.guns 0.313568919022 
array:181	talk.politics.guns	talk.politics.mideast 0.346209827854 talk.politics.misc 0.337530303188 talk.politics.guns 0.316259868957 
array:182	talk.politics.guns	talk.politics.mideast 0.347382056544 talk.politics.misc 0.338812131498 talk.politics.guns 0.313805811958 
array:183	talk.politics.guns	talk.politics.mideast 0.341346064692 talk.politics.misc 0.335675608515 talk.politics.guns 0.322978326793 
array:184	talk.politics.guns	talk.politics.mideast 0.377806977023 talk.politics.misc 0.315420003178 talk.politics.guns 0.306773019799 
array:185	talk.politics.guns	talk.politics.mideast 0.355720108017 talk.politics.misc 0.338221242121 talk.politics.guns 0.306058649862 
array:186	talk.politics.guns	talk.politics.mideast 0.359249414753 talk.politics.misc 0.341689271377 talk.politics.guns 0.29906131387 
array:187	talk.politics.guns	talk.politics.mideast 0.347652141839 talk.politics.misc 0.340854571112 talk.politics.guns 0.311493287049 
array:188	talk.politics.guns	talk.politics.mideast 0.354424282807 talk.politics.misc 0.343632366513 talk.politics.guns 0.301943350679 
array:189	talk.politics.guns	talk.politics.mideast 0.361583916355 talk.politics.misc 0.331049359763 talk.politics.guns 0.307366723882 
array:190	talk.politics.guns	talk.politics.mideast 0.354615770552 talk.politics.misc 0.342440173268 talk.politics.guns 0.30294405618 
array:191	talk.politics.guns	talk.politics.mideast 0.342444728889 talk.politics.misc 0.33921709894 talk.politics.guns 0.318338172172 
array:192	talk.politics.guns	talk.politics.mideast 0.344141643745 talk.politics.misc 0.343786856883 talk.politics.guns 0.312071499372 
array:193	talk.politics.guns	talk.politics.misc 0.34759497245 talk.politics.mideast 0.338595939682 talk.politics.guns 0.313809087867 
array:194	talk.politics.guns	talk.politics.mideast 0.342410780347 talk.politics.misc 0.339882805942 talk.politics.guns 0.317706413711 
array:195	talk.politics.guns	talk.politics.mideast 0.341441047813 talk.politics.misc 0.333832598184 talk.politics.guns 0.324726354003 
array:196	talk.politics.guns	talk.politics.mideast 0.349068574965 talk.politics.misc 0.341725944537 talk.politics.guns 0.309205480499 
array:197	talk.politics.guns	talk.politics.mideast 0.355812751002 talk.politics.misc 0.346127211595 talk.politics.guns 0.298060037403 
array:198	talk.politics.guns	talk.politics.mideast 0.370126034954 talk.politics.misc 0.346494217408 talk.politics.guns 0.283379747638 
array:199	talk.politics.guns	talk.politics.mideast 0.365675483713 talk.politics.misc 0.346781079949 talk.politics.guns 0.287543436338 
array:200	talk.politics.guns	talk.politics.mideast 0.34603793238 talk.politics.misc 0.339673759362 talk.politics.guns 0.314288308258 
array:201	talk.politics.guns	talk.politics.mideast 0.353613073182 talk.politics.misc 0.350922998956 talk.politics.guns 0.295463927862 
array:202	talk.politics.guns	talk.politics.mideast 0.356769459493 talk.politics.misc 0.329589464405 talk.politics.guns 0.313641076102 
array:203	talk.politics.guns	talk.politics.mideast 0.343296600676 talk.politics.misc 0.332018354573 talk.politics.guns 0.324685044752 
array:204	talk.politics.guns	talk.politics.mideast 0.361655546143 talk.politics.misc 0.329425100586 talk.politics.guns 0.30891935327 
array:205	talk.politics.guns	talk.politics.mideast 0.351233086329 talk.politics.misc 0.338263458682 talk.politics.guns 0.310503454988 
array:206	talk.politics.guns	talk.politics.mideast 0.358006805986 talk.politics.misc 0.341443078086 talk.politics.guns 0.300550115928 
array:207	talk.politics.guns	talk.politics.mideast 0.361836119928 talk.politics.misc 0.346748704298 talk.politics.guns 0.291415175774 
array:208	talk.politics.guns	talk.politics.mideast 0.348231282047 talk.politics.misc 0.345123313223 talk.politics.guns 0.30664540473 
array:209	talk.politics.guns	talk.politics.mideast 0.347961189055 talk.politics.misc 0.343632221159 talk.politics.guns 0.308406589786 
array:210	talk.politics.guns	talk.politics.mideast 0.357063278853 talk.politics.misc 0.335017505381 talk.politics.guns 0.307919215766 
array:211	talk.politics.guns	talk.politics.mideast 0.343812845302 talk.politics.misc 0.334497551726 talk.politics.guns 0.321689602973 
array:212	talk.politics.guns	talk.politics.mideast 0.341072836577 talk.politics.misc 0.338906528051 talk.politics.guns 0.320020635371 
array:213	talk.politics.guns	talk.politics.mideast 0.34761943719 talk.politics.misc 0.335792334324 talk.politics.guns 0.316588228486 
array:214	talk.politics.guns	talk.politics.mideast 0.354789914246 talk.politics.misc 0.339868400997 talk.politics.guns 0.305341684757 
array:215	talk.politics.guns	talk.politics.mideast 0.349284794031 talk.politics.misc 0.339812261647 talk.politics.guns 0.310902944322 
array:216	talk.politics.guns	talk.politics.mideast 0.358692170227 talk.politics.misc 0.345511492 talk.politics.guns 0.295796337773 
array:217	talk.politics.guns	talk.politics.mideast 0.353417465368 talk.politics.misc 0.343508432183 talk.politics.guns 0.303074102449 
array:218	talk.politics.guns	talk.politics.mideast 0.342361057226 talk.politics.misc 0.340645949451 talk.politics.guns 0.316992993323 
array:219	talk.politics.guns	talk.politics.misc 0.345251779042 talk.politics.mideast 0.338867163354 talk.politics.guns 0.315881057604 
array:220	talk.politics.guns	talk.politics.mideast 0.351358466135 talk.politics.misc 0.347814015553 talk.politics.guns 0.300827518312 
array:221	talk.politics.guns	talk.politics.mideast 0.367053010101 talk.politics.misc 0.339211076823 talk.politics.guns 0.293735913077 
array:222	talk.politics.guns	talk.politics.mideast 0.358515976984 talk.politics.misc 0.343081727378 talk.politics.guns 0.298402295638 
array:223	talk.politics.guns	talk.politics.mideast 0.369432339261 talk.politics.misc 0.333554879336 talk.politics.guns 0.297012781403 
array:224	talk.politics.guns	talk.politics.mideast 0.361232424789 talk.politics.misc 0.342157523085 talk.politics.guns 0.296610052126 
array:225	talk.politics.guns	talk.politics.misc 0.348053427721 talk.politics.mideast 0.346529037294 talk.politics.guns 0.305417534984 
array:226	talk.politics.guns	talk.politics.mideast 0.341117863314 talk.politics.misc 0.338500373088 talk.politics.guns 0.320381763597 
array:227	talk.politics.guns	talk.politics.mideast 0.352001647036 talk.politics.misc 0.344682347771 talk.politics.guns 0.303316005192 
array:228	talk.politics.guns	talk.politics.mideast 0.353970305439 talk.politics.misc 0.341941823448 talk.politics.guns 0.304087871113 
array:229	talk.politics.guns	talk.politics.mideast 0.346964725591 talk.politics.misc 0.343949927073 talk.politics.guns 0.309085347336 
array:230	talk.politics.guns	talk.politics.mideast 0.346402576263 talk.politics.misc 0.345162128034 talk.politics.guns 0.308435295703 
array:231	talk.politics.guns	talk.politics.mideast 0.346771014663 talk.politics.misc 0.343414995712 talk.politics.guns 0.309813989625 
array:232	talk.politics.guns	talk.politics.mideast 0.348005719283 talk.politics.misc 0.335032079048 talk.politics.guns 0.316962201669 
array:233	talk.politics.guns	talk.politics.mideast 0.379511380986 talk.politics.misc 0.352346317311 talk.politics.guns 0.268142301703 
array:234	talk.politics.guns	talk.politics.mideast 0.349594814431 talk.politics.misc 0.339880159606 talk.politics.guns 0.310525025963 
array:235	talk.politics.guns	talk.politics.mideast 0.336203739112 talk.politics.misc 0.332567147266 talk.politics.guns 0.331229113621 
array:236	talk.politics.guns	talk.politics.mideast 0.345986835012 talk.politics.misc 0.337101465756 talk.politics.guns 0.316911699232 
array:237	talk.politics.guns	talk.politics.misc 0.336432227564 talk.politics.guns 0.334445958539 talk.politics.mideast 0.329121813897 
array:238	talk.politics.guns	talk.politics.mideast 0.349893699606 talk.politics.misc 0.341728471721 talk.politics.guns 0.308377828673 
array:239	talk.politics.guns	talk.politics.misc 0.34043632685 talk.politics.mideast 0.337493304671 talk.politics.guns 0.32207036848 
array:240	talk.politics.guns	talk.politics.mideast 0.372225372608 talk.politics.misc 0.346504291151 talk.politics.guns 0.281270336241 
array:241	talk.politics.guns	talk.politics.mideast 0.356818770395 talk.politics.guns 0.323879207526 talk.politics.misc 0.319302022079 
array:242	talk.politics.guns	talk.politics.mideast 0.350117670388 talk.politics.misc 0.33268344029 talk.politics.guns 0.317198889321 
array:243	talk.politics.guns	talk.politics.mideast 0.353794857309 talk.politics.misc 0.331907425383 talk.politics.guns 0.314297717308 
array:244	talk.politics.guns	talk.politics.misc 0.347376555132 talk.politics.mideast 0.342950941634 talk.politics.guns 0.309672503234 
array:245	talk.politics.guns	talk.politics.mideast 0.34919083843 talk.politics.misc 0.341621380531 talk.politics.guns 0.309187781038 
array:246	talk.politics.guns	talk.politics.mideast 0.356452176068 talk.politics.misc 0.346117680098 talk.politics.guns 0.297430143834 
array:247	talk.politics.guns	talk.politics.mideast 0.343307022044 talk.politics.misc 0.340715965701 talk.politics.guns 0.315977012255 
array:248	talk.politics.guns	talk.politics.mideast 0.348335731523 talk.politics.misc 0.346706461074 talk.politics.guns 0.304957807403 
array:249	talk.politics.guns	talk.politics.mideast 0.34701337683 talk.politics.misc 0.335656187594 talk.politics.guns 0.317330435576 
array:250	talk.politics.guns	talk.politics.misc 0.339405343109 talk.politics.mideast 0.331503566874 talk.politics.guns 0.329091090017 
array:251	talk.politics.guns	talk.politics.mideast 0.349403377418 talk.politics.misc 0.338054204155 talk.politics.guns 0.312542418426 
array:252	talk.politics.guns	talk.politics.mideast 0.34762765763 talk.politics.misc 0.33612027825 talk.politics.guns 0.316252064121 
array:253	talk.politics.guns	talk.politics.misc 0.353016840129 talk.politics.mideast 0.336100073283 talk.politics.guns 0.310883086587 
array:254	talk.politics.guns	talk.politics.mideast 0.383377971513 talk.politics.misc 0.330387457311 talk.politics.guns 0.286234571176 
array:255	talk.politics.guns	talk.politics.misc 0.342249498567 talk.politics.mideast 0.341823560798 talk.politics.guns 0.315926940635 
array:256	talk.politics.guns	talk.politics.mideast 0.340946268976 talk.politics.misc 0.338149919642 talk.politics.guns 0.320903811382 
array:257	talk.politics.guns	talk.politics.mideast 0.343212260981 talk.politics.misc 0.342596146072 talk.politics.guns 0.314191592947 
array:258	talk.politics.guns	talk.politics.mideast 0.358887358516 talk.politics.misc 0.336167239315 talk.politics.guns 0.304945402169 
array:259	talk.politics.guns	talk.politics.mideast 0.350259921149 talk.politics.misc 0.337628878989 talk.politics.guns 0.312111199862 
array:260	talk.politics.guns	talk.politics.mideast 0.348665520088 talk.politics.misc 0.331684146105 talk.politics.guns 0.319650333808 
array:261	talk.politics.guns	talk.politics.mideast 0.347065753472 talk.politics.misc 0.335805309328 talk.politics.guns 0.3171289372 
array:262	talk.politics.guns	talk.politics.mideast 0.357217844195 talk.politics.misc 0.333807373403 talk.politics.guns 0.308974782402 
array:263	talk.politics.guns	talk.politics.mideast 0.348038884806 talk.politics.misc 0.335014350435 talk.politics.guns 0.316946764759 
array:264	talk.politics.guns	talk.politics.mideast 0.35426767999 talk.politics.misc 0.344123519911 talk.politics.guns 0.301608800099 
array:265	talk.politics.guns	talk.politics.mideast 0.354569459129 talk.politics.misc 0.345738275212 talk.politics.guns 0.299692265659 
array:266	talk.politics.guns	talk.politics.mideast 0.347694050209 talk.politics.misc 0.335613527924 talk.politics.guns 0.316692421867 
array:267	talk.politics.guns	talk.politics.mideast 0.348792784707 talk.politics.misc 0.326165092297 talk.politics.guns 0.325042122996 
array:268	talk.politics.guns	talk.politics.mideast 0.334723309725 talk.politics.misc 0.333778817372 talk.politics.guns 0.331497872903 
array:269	talk.politics.guns	talk.politics.mideast 0.373443058504 talk.politics.misc 0.338701391191 talk.politics.guns 0.287855550305 
array:270	talk.politics.guns	talk.politics.mideast 0.350936659112 talk.politics.misc 0.329791735434 talk.politics.guns 0.319271605454 
array:271	talk.politics.guns	talk.politics.mideast 0.349853544538 talk.politics.misc 0.331400001015 talk.politics.guns 0.318746454447 
array:272	talk.politics.guns	talk.politics.mideast 0.352417542354 talk.politics.misc 0.330158610665 talk.politics.guns 0.317423846982 
array:273	talk.politics.guns	talk.politics.mideast 0.345461694132 talk.politics.guns 0.32989357017 talk.politics.misc 0.324644735698 
array:274	talk.politics.guns	talk.politics.mideast 0.359013208986 talk.politics.misc 0.342977112641 talk.politics.guns 0.298009678373 
array:275	talk.politics.guns	talk.politics.mideast 0.359481188112 talk.politics.misc 0.320531640286 talk.politics.guns 0.319987171603 
array:276	talk.politics.guns	talk.politics.mideast 0.34925294881 talk.politics.misc 0.339151161201 talk.politics.guns 0.311595889988 
array:277	talk.politics.guns	talk.politics.misc 0.335566746787 talk.politics.mideast 0.334245411605 talk.politics.guns 0.330187841607 
array:278	talk.politics.guns	talk.politics.mideast 0.366512759507 talk.politics.misc 0.339008702015 talk.politics.guns 0.294478538478 
array:279	talk.politics.guns	talk.politics.mideast 0.346862866217 talk.politics.misc 0.337548644612 talk.politics.guns 0.315588489171 
array:280	talk.politics.guns	talk.politics.misc 0.354847902979 talk.politics.mideast 0.351946525711 talk.politics.guns 0.29320557131 
array:281	talk.politics.guns	talk.politics.mideast 0.353387770956 talk.politics.misc 0.341595672826 talk.politics.guns 0.305016556218 
array:282	talk.politics.guns	talk.politics.misc 0.350334394557 talk.politics.mideast 0.333290259884 talk.politics.guns 0.316375345559 
array:283	talk.politics.guns	talk.politics.mideast 0.351927055788 talk.politics.misc 0.342753449643 talk.politics.guns 0.305319494569 
array:284	talk.politics.guns	talk.politics.mideast 0.364617289764 talk.politics.misc 0.331930409226 talk.politics.guns 0.30345230101 
array:285	talk.politics.guns	talk.politics.mideast 0.356392872531 talk.politics.misc 0.337350741798 talk.politics.guns 0.306256385671 
array:286	talk.politics.guns	talk.politics.mideast 0.349925151353 talk.politics.guns 0.325729381129 talk.politics.misc 0.324345467518 
array:287	talk.politics.guns	talk.politics.mideast 0.375294723704 talk.politics.misc 0.321847410384 talk.politics.guns 0.302857865913 
array:288	talk.politics.guns	talk.politics.mideast 0.362302026804 talk.politics.misc 0.34197201913 talk.politics.guns 0.295725954066 
array:289	talk.politics.guns	talk.politics.mideast 0.364255160873 talk.politics.misc 0.356868797713 talk.politics.guns 0.278876041414 
array:290	talk.politics.guns	talk.politics.mideast 0.359119520458 talk.politics.misc 0.328640327299 talk.politics.guns 0.312240152243 
array:291	talk.politics.guns	talk.politics.mideast 0.342763909394 talk.politics.misc 0.33525297274 talk.politics.guns 0.321983117866 
array:292	talk.politics.guns	talk.politics.mideast 0.346526357633 talk.politics.misc 0.331281644771 talk.politics.guns 0.322191997595 
array:293	talk.politics.guns	talk.politics.mideast 0.35675562202 talk.politics.misc 0.338828197431 talk.politics.guns 0.304416180549 
array:294	talk.politics.guns	talk.politics.mideast 0.346681124258 talk.politics.misc 0.334151237261 talk.politics.guns 0.319167638482 
array:295	talk.politics.guns	talk.politics.mideast 0.359206604327 talk.politics.misc 0.347546224548 talk.politics.guns 0.293247171125 
array:296	talk.politics.guns	talk.politics.mideast 0.357674751792 talk.politics.misc 0.347158576068 talk.politics.guns 0.29516667214 
