preparing the classifier...
classifying test file...
array:0	c	c -1.33440236236 notC -5.81357259578 
array:1	c	c -1.33440236236 notC -5.81357259578 
array:2	c	c -1.33440236236 notC -5.81357259578 
array:3	notC	notC -2.31861400455 c -10.191786972 
