array:0	talk.politics.guns	talk.politics.guns 0.80121416802	 talk.politics.misc 0.14105287146	 talk.politics.mideast 0.0577329605207	 
array:1	talk.politics.guns	talk.politics.guns 0.947637606506	 talk.politics.misc 0.0106467771381	 talk.politics.mideast 0.0417156163557	 
array:2	talk.politics.guns	talk.politics.guns 0.667966418317	 talk.politics.misc 0.291676695501	 talk.politics.mideast 0.0403568861819	 
array:3	talk.politics.guns	talk.politics.guns 0.999992004264	 talk.politics.misc 7.95039849172e-06	 talk.politics.mideast 4.53375152768e-08	 
array:4	talk.politics.guns	talk.politics.guns 0.999992490464	 talk.politics.misc 7.46632368894e-06	 talk.politics.mideast 4.32122448206e-08	 
array:5	talk.politics.guns	talk.politics.guns 0.39676443179	 talk.politics.misc 0.597090572795	 talk.politics.mideast 0.00614499541454	 
array:6	talk.politics.guns	talk.politics.guns 0.345800683594	 talk.politics.misc 0.543335264666	 talk.politics.mideast 0.11086405174	 
array:7	talk.politics.guns	talk.politics.guns 0.660485515827	 talk.politics.misc 0.25705542932	 talk.politics.mideast 0.0824590548534	 
array:8	talk.politics.guns	talk.politics.guns 0.825609567576	 talk.politics.misc 0.174196521805	 talk.politics.mideast 0.000193910618366	 
array:9	talk.politics.guns	talk.politics.guns 0.689767158182	 talk.politics.misc 0.310216834616	 talk.politics.mideast 1.60072019986e-05	 
array:10	talk.politics.guns	talk.politics.guns 0.994593158755	 talk.politics.misc 0.00453379274102	 talk.politics.mideast 0.000873048504237	 
array:11	talk.politics.guns	talk.politics.guns 0.987116292483	 talk.politics.misc 0.00742330696496	 talk.politics.mideast 0.00546040055177	 
array:12	talk.politics.guns	talk.politics.guns 0.999975462184	 talk.politics.misc 2.45126175479e-05	 talk.politics.mideast 2.51980997018e-08	 
array:13	talk.politics.guns	talk.politics.guns 0.999019261942	 talk.politics.misc 0.000287100944177	 talk.politics.mideast 0.000693637113751	 
array:14	talk.politics.guns	talk.politics.guns 0.717509434124	 talk.politics.misc 0.215484841305	 talk.politics.mideast 0.0670057245714	 
array:15	talk.politics.guns	talk.politics.guns 0.996323936399	 talk.politics.misc 0.000306847301006	 talk.politics.mideast 0.00336921630044	 
array:16	talk.politics.guns	talk.politics.guns 0.968523292304	 talk.politics.misc 0.0259606621382	 talk.politics.mideast 0.00551604555804	 
array:17	talk.politics.guns	talk.politics.guns 0.999996902519	 talk.politics.misc 3.00584679455e-06	 talk.politics.mideast 9.1634290191e-08	 
array:18	talk.politics.guns	talk.politics.guns 0.823604755561	 talk.politics.misc 0.067735852323	 talk.politics.mideast 0.108659392116	 
array:19	talk.politics.guns	talk.politics.guns 0.992131220793	 talk.politics.misc 0.00784058427397	 talk.politics.mideast 2.81949326887e-05	 
array:20	talk.politics.guns	talk.politics.guns 0.757171922306	 talk.politics.misc 0.236852094383	 talk.politics.mideast 0.00597598331099	 
array:21	talk.politics.guns	talk.politics.guns 0.369399693355	 talk.politics.misc 0.576943842986	 talk.politics.mideast 0.0536564636585	 
array:22	talk.politics.guns	talk.politics.guns 0.934680226653	 talk.politics.misc 0.065264863763	 talk.politics.mideast 5.4909583571e-05	 
array:23	talk.politics.guns	talk.politics.guns 0.858395755234	 talk.politics.misc 0.017077525665	 talk.politics.mideast 0.124526719101	 
array:24	talk.politics.guns	talk.politics.guns 0.890085490355	 talk.politics.misc 0.0542617660132	 talk.politics.mideast 0.055652743632	 
array:25	talk.politics.guns	talk.politics.guns 0.86911433531	 talk.politics.misc 0.13045388627	 talk.politics.mideast 0.000431778420236	 
array:26	talk.politics.guns	talk.politics.guns 0.978315851061	 talk.politics.misc 0.0211901078409	 talk.politics.mideast 0.000494041097574	 
array:27	talk.politics.guns	talk.politics.guns 0.857963887045	 talk.politics.misc 0.117650424754	 talk.politics.mideast 0.0243856882015	 
array:28	talk.politics.guns	talk.politics.guns 0.986806983277	 talk.politics.misc 0.0131127653556	 talk.politics.mideast 8.02513676134e-05	 
array:29	talk.politics.guns	talk.politics.guns 0.936573091156	 talk.politics.misc 0.0634262206435	 talk.politics.mideast 6.88200550025e-07	 
array:30	talk.politics.guns	talk.politics.guns 0.989238880964	 talk.politics.misc 0.00778173590275	 talk.politics.mideast 0.0029793831335	 
array:31	talk.politics.guns	talk.politics.guns 0.797402758456	 talk.politics.misc 0.170557591641	 talk.politics.mideast 0.0320396499036	 
array:32	talk.politics.guns	talk.politics.guns 0.625580917421	 talk.politics.misc 0.355857779253	 talk.politics.mideast 0.0185613033259	 
array:33	talk.politics.guns	talk.politics.guns 0.999304480807	 talk.politics.misc 0.000693873979312	 talk.politics.mideast 1.64521324121e-06	 
array:34	talk.politics.guns	talk.politics.guns 0.836231865139	 talk.politics.misc 0.149109796086	 talk.politics.mideast 0.0146583387753	 
array:35	talk.politics.guns	talk.politics.guns 0.984423461365	 talk.politics.misc 0.0103881345342	 talk.politics.mideast 0.00518840410072	 
array:36	talk.politics.guns	talk.politics.guns 0.999823122792	 talk.politics.misc 0.00017617778113	 talk.politics.mideast 6.99426811697e-07	 
array:37	talk.politics.guns	talk.politics.guns 0.999877068812	 talk.politics.misc 9.1473673547e-05	 talk.politics.mideast 3.14575147155e-05	 
array:38	talk.politics.guns	talk.politics.guns 0.431764978589	 talk.politics.misc 0.298728679965	 talk.politics.mideast 0.269506341445	 
array:39	talk.politics.guns	talk.politics.guns 0.979608592943	 talk.politics.misc 0.00957983115404	 talk.politics.mideast 0.0108115759031	 
array:40	talk.politics.guns	talk.politics.guns 0.95820230451	 talk.politics.misc 0.0409697031707	 talk.politics.mideast 0.000827992319482	 
array:41	talk.politics.guns	talk.politics.guns 0.731076773543	 talk.politics.misc 0.253808510357	 talk.politics.mideast 0.0151147161003	 
array:42	talk.politics.guns	talk.politics.guns 0.9998926843	 talk.politics.misc 7.8675219404e-05	 talk.politics.mideast 2.86404808929e-05	 
array:43	talk.politics.guns	talk.politics.guns 0.982962844189	 talk.politics.misc 0.0170208695125	 talk.politics.mideast 1.62862985241e-05	 
array:44	talk.politics.guns	talk.politics.guns 0.421585297403	 talk.politics.misc 0.45098371458	 talk.politics.mideast 0.127430988017	 
array:45	talk.politics.guns	talk.politics.guns 0.838017572909	 talk.politics.misc 0.0877209549913	 talk.politics.mideast 0.0742614720998	 
array:46	talk.politics.guns	talk.politics.guns 0.924114252238	 talk.politics.misc 0.0661794035627	 talk.politics.mideast 0.00970634419926	 
array:47	talk.politics.guns	talk.politics.guns 0.999781723507	 talk.politics.misc 0.00020766621785	 talk.politics.mideast 1.06102752371e-05	 
array:48	talk.politics.guns	talk.politics.guns 0.274110787539	 talk.politics.misc 0.358935452453	 talk.politics.mideast 0.366953760008	 
array:49	talk.politics.guns	talk.politics.guns 0.999880763819	 talk.politics.misc 0.00011899355015	 talk.politics.mideast 2.42630776927e-07	 
array:50	talk.politics.guns	talk.politics.guns 0.0863026498324	 talk.politics.misc 0.851352900739	 talk.politics.mideast 0.0623444494285	 
array:51	talk.politics.guns	talk.politics.guns 0.0863026498324	 talk.politics.misc 0.851352900739	 talk.politics.mideast 0.0623444494285	 
array:52	talk.politics.guns	talk.politics.guns 0.0863026498324	 talk.politics.misc 0.851352900739	 talk.politics.mideast 0.0623444494285	 
array:53	talk.politics.guns	talk.politics.guns 0.0863026498324	 talk.politics.misc 0.851352900739	 talk.politics.mideast 0.0623444494285	 
array:54	talk.politics.guns	talk.politics.guns 0.903860856436	 talk.politics.misc 0.0157032534022	 talk.politics.mideast 0.0804358901617	 
array:55	talk.politics.guns	talk.politics.guns 0.0863026498324	 talk.politics.misc 0.851352900739	 talk.politics.mideast 0.0623444494285	 
array:56	talk.politics.guns	talk.politics.guns 0.999345371154	 talk.politics.misc 0.00064394052294	 talk.politics.mideast 1.06883225849e-05	 
array:57	talk.politics.guns	talk.politics.guns 0.999651340193	 talk.politics.misc 0.000346767014401	 talk.politics.mideast 1.89279308911e-06	 
array:58	talk.politics.guns	talk.politics.guns 0.684812618338	 talk.politics.misc 0.308066118496	 talk.politics.mideast 0.00712126316559	 
array:59	talk.politics.guns	talk.politics.guns 0.867103187243	 talk.politics.misc 0.0464249857945	 talk.politics.mideast 0.0864718269624	 
array:60	talk.politics.guns	talk.politics.guns 0.335937430428	 talk.politics.misc 0.656221059052	 talk.politics.mideast 0.0078415105193	 
array:61	talk.politics.guns	talk.politics.guns 0.994778142482	 talk.politics.misc 0.00479437613684	 talk.politics.mideast 0.000427481381025	 
array:62	talk.politics.guns	talk.politics.guns 0.684596641001	 talk.politics.misc 0.221023045798	 talk.politics.mideast 0.0943803132016	 
array:63	talk.politics.guns	talk.politics.guns 0.999460690228	 talk.politics.misc 0.000395450165606	 talk.politics.mideast 0.000143859606336	 
array:64	talk.politics.guns	talk.politics.guns 0.820631261723	 talk.politics.misc 0.179357306363	 talk.politics.mideast 1.14319139406e-05	 
array:65	talk.politics.guns	talk.politics.guns 0.848147666664	 talk.politics.misc 0.0315171521877	 talk.politics.mideast 0.120335181149	 
array:66	talk.politics.guns	talk.politics.guns 0.999648735782	 talk.politics.misc 0.000347621901839	 talk.politics.mideast 3.64231615627e-06	 
array:67	talk.politics.guns	talk.politics.guns 0.35520394673	 talk.politics.misc 0.539503051068	 talk.politics.mideast 0.105293002203	 
array:68	talk.politics.guns	talk.politics.guns 0.308191765801	 talk.politics.misc 0.674187693148	 talk.politics.mideast 0.0176205410512	 
array:69	talk.politics.guns	talk.politics.guns 0.726633807659	 talk.politics.misc 0.26042145408	 talk.politics.mideast 0.012944738261	 
array:70	talk.politics.guns	talk.politics.guns 0.992736920005	 talk.politics.misc 0.00721342721014	 talk.politics.mideast 4.96527850294e-05	 
array:71	talk.politics.guns	talk.politics.guns 0.98201191532	 talk.politics.misc 0.0144551224455	 talk.politics.mideast 0.00353296223498	 
array:72	talk.politics.guns	talk.politics.guns 0.00791398761839	 talk.politics.misc 0.891709291518	 talk.politics.mideast 0.100376720863	 
array:73	talk.politics.guns	talk.politics.guns 0.961375334858	 talk.politics.misc 0.00479358141167	 talk.politics.mideast 0.0338310837298	 
array:74	talk.politics.guns	talk.politics.guns 0.956820670802	 talk.politics.misc 0.0284327642669	 talk.politics.mideast 0.0147465649311	 
array:75	talk.politics.guns	talk.politics.guns 0.162100777793	 talk.politics.misc 0.83400776175	 talk.politics.mideast 0.00389146045675	 
array:76	talk.politics.guns	talk.politics.guns 0.35135076541	 talk.politics.misc 0.527958780268	 talk.politics.mideast 0.120690454322	 
array:77	talk.politics.guns	talk.politics.guns 0.986351556784	 talk.politics.misc 0.00175182229236	 talk.politics.mideast 0.0118966209238	 
array:78	talk.politics.guns	talk.politics.guns 0.999936362364	 talk.politics.misc 1.03171039565e-05	 talk.politics.mideast 5.33205317749e-05	 
array:79	talk.politics.guns	talk.politics.guns 0.994618793307	 talk.politics.misc 0.00534765157909	 talk.politics.mideast 3.35551134586e-05	 
array:80	talk.politics.guns	talk.politics.guns 0.994208645043	 talk.politics.misc 0.00296655451782	 talk.politics.mideast 0.00282480043949	 
array:81	talk.politics.guns	talk.politics.guns 0.988392679435	 talk.politics.misc 0.0109241913085	 talk.politics.mideast 0.000683129256421	 
array:82	talk.politics.guns	talk.politics.guns 0.993221322193	 talk.politics.misc 0.00503916752052	 talk.politics.mideast 0.00173951028606	 
array:83	talk.politics.guns	talk.politics.guns 0.730867622748	 talk.politics.misc 0.252060209196	 talk.politics.mideast 0.017072168056	 
array:84	talk.politics.guns	talk.politics.guns 0.964882858677	 talk.politics.misc 0.030025198418	 talk.politics.mideast 0.0050919429049	 
array:85	talk.politics.guns	talk.politics.guns 0.631800407072	 talk.politics.misc 0.364851314187	 talk.politics.mideast 0.00334827874129	 
array:86	talk.politics.guns	talk.politics.guns 0.0431817878142	 talk.politics.misc 0.946735830862	 talk.politics.mideast 0.0100823813242	 
array:87	talk.politics.guns	talk.politics.guns 0.997252407702	 talk.politics.misc 0.000936681384215	 talk.politics.mideast 0.00181091091417	 
array:88	talk.politics.guns	talk.politics.guns 0.691813395303	 talk.politics.misc 0.107608555799	 talk.politics.mideast 0.200578048898	 
array:89	talk.politics.guns	talk.politics.guns 0.992897249634	 talk.politics.misc 0.00519252059667	 talk.politics.mideast 0.0019102297698	 
array:90	talk.politics.guns	talk.politics.guns 0.0159217412227	 talk.politics.misc 0.797309464234	 talk.politics.mideast 0.186768794543	 
array:91	talk.politics.guns	talk.politics.guns 0.492985080845	 talk.politics.misc 0.418696763542	 talk.politics.mideast 0.0883181556129	 
array:92	talk.politics.guns	talk.politics.guns 0.198373551241	 talk.politics.misc 0.636707910948	 talk.politics.mideast 0.164918537812	 
array:93	talk.politics.guns	talk.politics.guns 0.999402124503	 talk.politics.misc 0.000595928430352	 talk.politics.mideast 1.94706662553e-06	 
array:94	talk.politics.guns	talk.politics.guns 0.959193319491	 talk.politics.misc 0.0395650233723	 talk.politics.mideast 0.00124165713721	 
array:95	talk.politics.guns	talk.politics.guns 0.924167860004	 talk.politics.misc 0.0634624959766	 talk.politics.mideast 0.0123696440193	 
array:96	talk.politics.guns	talk.politics.guns 0.894254226781	 talk.politics.misc 0.0684087741232	 talk.politics.mideast 0.0373369990957	 
array:97	talk.politics.guns	talk.politics.guns 0.89089723358	 talk.politics.misc 0.0839130597845	 talk.politics.mideast 0.0251897066357	 
array:98	talk.politics.guns	talk.politics.guns 0.993960670396	 talk.politics.misc 0.00330364129557	 talk.politics.mideast 0.00273568830865	 
array:99	talk.politics.guns	talk.politics.guns 0.804149173649	 talk.politics.misc 0.188853255223	 talk.politics.mideast 0.00699757112767	 
array:100	talk.politics.mideast	talk.politics.guns 0.53313958163	 talk.politics.misc 0.184454297891	 talk.politics.mideast 0.282406120478	 
array:101	talk.politics.mideast	talk.politics.guns 0.0219077909524	 talk.politics.misc 0.0710546328367	 talk.politics.mideast 0.907037576211	 
array:102	talk.politics.mideast	talk.politics.guns 1.65539023198e-05	 talk.politics.misc 0.000236266704053	 talk.politics.mideast 0.999747179394	 
array:103	talk.politics.mideast	talk.politics.guns 1.53540281096e-05	 talk.politics.misc 5.36073504699e-05	 talk.politics.mideast 0.999931038621	 
array:104	talk.politics.mideast	talk.politics.guns 0.0017331784169	 talk.politics.misc 0.000277689830088	 talk.politics.mideast 0.997989131753	 
array:105	talk.politics.mideast	talk.politics.guns 0.0248259428844	 talk.politics.misc 0.452116583403	 talk.politics.mideast 0.523057473713	 
array:106	talk.politics.mideast	talk.politics.guns 0.0190902958729	 talk.politics.misc 0.0551924984935	 talk.politics.mideast 0.925717205634	 
array:107	talk.politics.mideast	talk.politics.guns 1.195764093e-05	 talk.politics.misc 0.0377457050684	 talk.politics.mideast 0.962242337291	 
array:108	talk.politics.mideast	talk.politics.guns 0.0001309473895	 talk.politics.misc 0.00112582346326	 talk.politics.mideast 0.998743229147	 
array:109	talk.politics.mideast	talk.politics.guns 8.11839442322e-05	 talk.politics.misc 0.00267316813971	 talk.politics.mideast 0.997245647916	 
array:110	talk.politics.mideast	talk.politics.guns 1.86310637679e-05	 talk.politics.misc 0.000238465001889	 talk.politics.mideast 0.999742903934	 
array:111	talk.politics.mideast	talk.politics.guns 0.00057947177219	 talk.politics.misc 0.000478611197321	 talk.politics.mideast 0.99894191703	 
array:112	talk.politics.mideast	talk.politics.guns 0.170036067969	 talk.politics.misc 0.206184761374	 talk.politics.mideast 0.623779170657	 
array:113	talk.politics.mideast	talk.politics.guns 0.0212819307912	 talk.politics.misc 0.0524162293893	 talk.politics.mideast 0.926301839819	 
array:114	talk.politics.mideast	talk.politics.guns 0.000969031120014	 talk.politics.misc 0.00312221857351	 talk.politics.mideast 0.995908750306	 
array:115	talk.politics.mideast	talk.politics.guns 6.16017259867e-05	 talk.politics.misc 0.000605206911719	 talk.politics.mideast 0.999333191362	 
array:116	talk.politics.mideast	talk.politics.guns 0.0142666376777	 talk.politics.misc 0.0239693819463	 talk.politics.mideast 0.961763980376	 
array:117	talk.politics.mideast	talk.politics.guns 0.303021912565	 talk.politics.misc 0.503755955524	 talk.politics.mideast 0.193222131911	 
array:118	talk.politics.mideast	talk.politics.guns 2.80599417298e-08	 talk.politics.misc 5.26854498321e-06	 talk.politics.mideast 0.999994703395	 
array:119	talk.politics.mideast	talk.politics.guns 0.00226552852896	 talk.politics.misc 0.0509208163492	 talk.politics.mideast 0.946813655122	 
array:120	talk.politics.mideast	talk.politics.guns 1.20168791723e-05	 talk.politics.misc 0.000659823079723	 talk.politics.mideast 0.999328160041	 
array:121	talk.politics.mideast	talk.politics.guns 0.0819025065361	 talk.politics.misc 0.682499494931	 talk.politics.mideast 0.235597998533	 
array:122	talk.politics.mideast	talk.politics.guns 0.000728968164675	 talk.politics.misc 0.00874516364008	 talk.politics.mideast 0.990525868195	 
array:123	talk.politics.mideast	talk.politics.guns 0.000262478232129	 talk.politics.misc 0.00234433741778	 talk.politics.mideast 0.99739318435	 
array:124	talk.politics.mideast	talk.politics.guns 5.47166765683e-09	 talk.politics.misc 7.52899123839e-06	 talk.politics.mideast 0.999992465537	 
array:125	talk.politics.mideast	talk.politics.guns 0.000502933535705	 talk.politics.misc 0.000255656165262	 talk.politics.mideast 0.999241410299	 
array:126	talk.politics.mideast	talk.politics.guns 2.08172708483e-07	 talk.politics.misc 9.32785713554e-05	 talk.politics.mideast 0.999906513256	 
array:127	talk.politics.mideast	talk.politics.guns 1.0476848084e-05	 talk.politics.misc 0.00932591862651	 talk.politics.mideast 0.990663604525	 
array:128	talk.politics.mideast	talk.politics.guns 8.07644512335e-08	 talk.politics.misc 5.89527043028e-07	 talk.politics.mideast 0.999999329709	 
array:129	talk.politics.mideast	talk.politics.guns 0.00151220735141	 talk.politics.misc 0.0128167373627	 talk.politics.mideast 0.985671055286	 
array:130	talk.politics.mideast	talk.politics.guns 0.41597409809	 talk.politics.misc 0.024346706667	 talk.politics.mideast 0.559679195243	 
array:131	talk.politics.mideast	talk.politics.guns 0.00134011069694	 talk.politics.misc 0.36553679248	 talk.politics.mideast 0.633123096823	 
array:132	talk.politics.mideast	talk.politics.guns 0.0440007095574	 talk.politics.misc 0.765810464717	 talk.politics.mideast 0.190188825726	 
array:133	talk.politics.mideast	talk.politics.guns 0.110626915322	 talk.politics.misc 0.0453692053714	 talk.politics.mideast 0.844003879307	 
array:134	talk.politics.mideast	talk.politics.guns 3.14874209091e-05	 talk.politics.misc 0.00116555585139	 talk.politics.mideast 0.998802956728	 
array:135	talk.politics.mideast	talk.politics.guns 0.000480906235817	 talk.politics.misc 0.152958826309	 talk.politics.mideast 0.846560267455	 
array:136	talk.politics.mideast	talk.politics.guns 9.6890674609e-10	 talk.politics.misc 1.72036099735e-05	 talk.politics.mideast 0.999982795421	 
array:137	talk.politics.mideast	talk.politics.guns 0.00559474953025	 talk.politics.misc 0.005665056013	 talk.politics.mideast 0.988740194457	 
array:138	talk.politics.mideast	talk.politics.guns 2.03258472327e-05	 talk.politics.misc 0.00157421249762	 talk.politics.mideast 0.998405461655	 
array:139	talk.politics.mideast	talk.politics.guns 3.28711090329e-06	 talk.politics.misc 0.00659634197577	 talk.politics.mideast 0.993400370913	 
array:140	talk.politics.mideast	talk.politics.guns 5.24542015946e-06	 talk.politics.misc 4.91510691789e-05	 talk.politics.mideast 0.999945603511	 
array:141	talk.politics.mideast	talk.politics.guns 1.84438491815e-06	 talk.politics.misc 0.000278418136185	 talk.politics.mideast 0.999719737479	 
array:142	talk.politics.mideast	talk.politics.guns 0.00118617872897	 talk.politics.misc 9.95204834667e-06	 talk.politics.mideast 0.998803869223	 
array:143	talk.politics.mideast	talk.politics.guns 1.63221752636e-10	 talk.politics.misc 9.4990164974e-08	 talk.politics.mideast 0.999999904847	 
array:144	talk.politics.mideast	talk.politics.guns 0.0175521983706	 talk.politics.misc 0.975098214583	 talk.politics.mideast 0.00734958704593	 
array:145	talk.politics.mideast	talk.politics.guns 6.21154884057e-07	 talk.politics.misc 0.000106824637648	 talk.politics.mideast 0.999892554207	 
array:146	talk.politics.mideast	talk.politics.guns 6.61654465714e-06	 talk.politics.misc 0.000468926587893	 talk.politics.mideast 0.999524456867	 
array:147	talk.politics.mideast	talk.politics.guns 5.70688880144e-05	 talk.politics.misc 0.000716130906756	 talk.politics.mideast 0.999226800205	 
array:148	talk.politics.mideast	talk.politics.guns 2.21715768795e-05	 talk.politics.misc 0.0355752706533	 talk.politics.mideast 0.96440255777	 
array:149	talk.politics.mideast	talk.politics.guns 0.0400658468436	 talk.politics.misc 0.323220545988	 talk.politics.mideast 0.636713607169	 
array:150	talk.politics.mideast	talk.politics.guns 4.14140208775e-05	 talk.politics.misc 0.000179230012657	 talk.politics.mideast 0.999779355966	 
array:151	talk.politics.mideast	talk.politics.guns 0.00283800600153	 talk.politics.misc 0.0561114543128	 talk.politics.mideast 0.941050539686	 
array:152	talk.politics.mideast	talk.politics.guns 0.0917111097603	 talk.politics.misc 0.248716126788	 talk.politics.mideast 0.659572763452	 
array:153	talk.politics.mideast	talk.politics.guns 0.000265709851444	 talk.politics.misc 0.000480034755032	 talk.politics.mideast 0.999254255394	 
array:154	talk.politics.mideast	talk.politics.guns 1.61003663037e-05	 talk.politics.misc 0.000223104042311	 talk.politics.mideast 0.999760795591	 
array:155	talk.politics.mideast	talk.politics.guns 2.01634525364e-06	 talk.politics.misc 8.45246589022e-05	 talk.politics.mideast 0.999913458996	 
array:156	talk.politics.mideast	talk.politics.guns 0.00359662409041	 talk.politics.misc 0.00531045047195	 talk.politics.mideast 0.991092925438	 
array:157	talk.politics.mideast	talk.politics.guns 3.72705576872e-06	 talk.politics.misc 3.44653510262e-06	 talk.politics.mideast 0.999992826409	 
array:158	talk.politics.mideast	talk.politics.guns 2.77206399023e-09	 talk.politics.misc 4.76562547093e-07	 talk.politics.mideast 0.999999520665	 
array:159	talk.politics.mideast	talk.politics.guns 0.000182761519187	 talk.politics.misc 4.26115602637e-05	 talk.politics.mideast 0.999774626921	 
array:160	talk.politics.mideast	talk.politics.guns 1.09810746336e-06	 talk.politics.misc 0.0022317550653	 talk.politics.mideast 0.997767146827	 
array:161	talk.politics.mideast	talk.politics.guns 0.0204875637737	 talk.politics.misc 0.0130943792669	 talk.politics.mideast 0.966418056959	 
array:162	talk.politics.mideast	talk.politics.guns 0.0001781477342	 talk.politics.misc 0.000122192774701	 talk.politics.mideast 0.999699659491	 
array:163	talk.politics.mideast	talk.politics.guns 2.61233886629e-07	 talk.politics.misc 6.80510687575e-06	 talk.politics.mideast 0.999992933659	 
array:164	talk.politics.mideast	talk.politics.guns 6.6049147113e-07	 talk.politics.misc 0.000402203497117	 talk.politics.mideast 0.999597136011	 
array:165	talk.politics.mideast	talk.politics.guns 4.71001455631e-05	 talk.politics.misc 0.000315326038572	 talk.politics.mideast 0.999637573816	 
array:166	talk.politics.mideast	talk.politics.guns 4.27742640181e-06	 talk.politics.misc 0.00014695542159	 talk.politics.mideast 0.999848767152	 
array:167	talk.politics.mideast	talk.politics.guns 0.000114529800409	 talk.politics.misc 0.0206117189886	 talk.politics.mideast 0.979273751211	 
array:168	talk.politics.mideast	talk.politics.guns 0.00044152758902	 talk.politics.misc 0.00652434256556	 talk.politics.mideast 0.993034129845	 
array:169	talk.politics.mideast	talk.politics.guns 9.40938059763e-07	 talk.politics.misc 0.000248339589251	 talk.politics.mideast 0.999750719473	 
array:170	talk.politics.mideast	talk.politics.guns 2.08880934568e-07	 talk.politics.misc 3.55101002732e-05	 talk.politics.mideast 0.999964281019	 
array:171	talk.politics.mideast	talk.politics.guns 0.000576426471558	 talk.politics.misc 0.000727957926594	 talk.politics.mideast 0.998695615602	 
array:172	talk.politics.mideast	talk.politics.guns 0.00998554385714	 talk.politics.misc 0.0262247721803	 talk.politics.mideast 0.963789683963	 
array:173	talk.politics.mideast	talk.politics.guns 2.03259210267e-06	 talk.politics.misc 1.4242730175e-05	 talk.politics.mideast 0.999983724678	 
array:174	talk.politics.mideast	talk.politics.guns 0.00188743714615	 talk.politics.misc 0.0238506923934	 talk.politics.mideast 0.97426187046	 
array:175	talk.politics.mideast	talk.politics.guns 0.00141642465062	 talk.politics.misc 0.00145972272213	 talk.politics.mideast 0.997123852627	 
array:176	talk.politics.mideast	talk.politics.guns 0.0107240556877	 talk.politics.misc 0.00077248933454	 talk.politics.mideast 0.988503454978	 
array:177	talk.politics.mideast	talk.politics.guns 2.04282295456e-05	 talk.politics.misc 0.0024843477141	 talk.politics.mideast 0.997495224056	 
array:178	talk.politics.mideast	talk.politics.guns 5.09871313653e-05	 talk.politics.misc 0.0108375550241	 talk.politics.mideast 0.989111457845	 
array:179	talk.politics.mideast	talk.politics.guns 5.26483514209e-05	 talk.politics.misc 0.000493154935108	 talk.politics.mideast 0.999454196713	 
array:180	talk.politics.mideast	talk.politics.guns 0.000899289935495	 talk.politics.misc 0.0267893435451	 talk.politics.mideast 0.972311366519	 
array:181	talk.politics.mideast	talk.politics.guns 0.0224378043862	 talk.politics.misc 0.0350915651134	 talk.politics.mideast 0.9424706305	 
array:182	talk.politics.mideast	talk.politics.guns 3.31629617464e-05	 talk.politics.misc 0.00366976942848	 talk.politics.mideast 0.99629706761	 
array:183	talk.politics.mideast	talk.politics.guns 1.62189269326e-06	 talk.politics.misc 0.000124044466048	 talk.politics.mideast 0.999874333641	 
array:184	talk.politics.mideast	talk.politics.guns 3.90800781215e-09	 talk.politics.misc 3.4436413312e-06	 talk.politics.mideast 0.999996552451	 
array:185	talk.politics.mideast	talk.politics.guns 1.35749685947e-06	 talk.politics.misc 0.00533964758398	 talk.politics.mideast 0.994658994919	 
array:186	talk.politics.mideast	talk.politics.guns 5.39796385879e-07	 talk.politics.misc 0.0335262320926	 talk.politics.mideast 0.966473228111	 
array:187	talk.politics.mideast	talk.politics.guns 1.12912344919e-06	 talk.politics.misc 0.0027197667687	 talk.politics.mideast 0.997279104108	 
array:188	talk.politics.mideast	talk.politics.guns 0.0178001276327	 talk.politics.misc 0.0200999969587	 talk.politics.mideast 0.962099875409	 
array:189	talk.politics.mideast	talk.politics.guns 0.735539261883	 talk.politics.misc 0.0730593963226	 talk.politics.mideast 0.191401341794	 
array:190	talk.politics.mideast	talk.politics.guns 0.0182519027009	 talk.politics.misc 0.0312107018708	 talk.politics.mideast 0.950537395428	 
array:191	talk.politics.mideast	talk.politics.guns 0.503375216451	 talk.politics.misc 0.0881773799903	 talk.politics.mideast 0.408447403559	 
array:192	talk.politics.mideast	talk.politics.guns 6.21120738529e-06	 talk.politics.misc 0.00153531003631	 talk.politics.mideast 0.998458478756	 
array:193	talk.politics.mideast	talk.politics.guns 0.0450835283293	 talk.politics.misc 0.00907975274024	 talk.politics.mideast 0.94583671893	 
array:194	talk.politics.mideast	talk.politics.guns 0.0164923537777	 talk.politics.misc 0.00805449008451	 talk.politics.mideast 0.975453156138	 
array:195	talk.politics.mideast	talk.politics.guns 0.00967120889439	 talk.politics.misc 0.0418917461508	 talk.politics.mideast 0.948437044955	 
array:196	talk.politics.mideast	talk.politics.guns 0.117884711972	 talk.politics.misc 0.211607706892	 talk.politics.mideast 0.670507581136	 
array:197	talk.politics.mideast	talk.politics.guns 0.0121814189684	 talk.politics.misc 0.310772414153	 talk.politics.mideast 0.677046166879	 
array:198	talk.politics.mideast	talk.politics.guns 0.0494628590195	 talk.politics.misc 0.258840957755	 talk.politics.mideast 0.691696183225	 
array:199	talk.politics.mideast	talk.politics.guns 7.67493972682e-05	 talk.politics.misc 0.0632468582611	 talk.politics.mideast 0.936676392342	 
array:200	talk.politics.misc	talk.politics.guns 0.996021272713	 talk.politics.misc 0.000107186534195	 talk.politics.mideast 0.0038715407524	 
array:201	talk.politics.misc	talk.politics.guns 1.26630223057e-05	 talk.politics.misc 0.999704335872	 talk.politics.mideast 0.000283001105681	 
array:202	talk.politics.misc	talk.politics.guns 0.000729377715542	 talk.politics.misc 0.998943877675	 talk.politics.mideast 0.000326744609243	 
array:203	talk.politics.misc	talk.politics.guns 0.000879882666136	 talk.politics.misc 0.995790113946	 talk.politics.mideast 0.00333000338787	 
array:204	talk.politics.misc	talk.politics.guns 0.0241430180468	 talk.politics.misc 0.972917093312	 talk.politics.mideast 0.00293988864078	 
array:205	talk.politics.misc	talk.politics.guns 0.00216863965097	 talk.politics.misc 0.996760551855	 talk.politics.mideast 0.00107080849417	 
array:206	talk.politics.misc	talk.politics.guns 0.0148751857965	 talk.politics.misc 0.945181771946	 talk.politics.mideast 0.0399430422575	 
array:207	talk.politics.misc	talk.politics.guns 0.00350746550115	 talk.politics.misc 0.995108631641	 talk.politics.mideast 0.0013839028579	 
array:208	talk.politics.misc	talk.politics.guns 0.821562156183	 talk.politics.misc 0.131361903864	 talk.politics.mideast 0.0470759399528	 
array:209	talk.politics.misc	talk.politics.guns 0.000166027123472	 talk.politics.misc 0.954471457249	 talk.politics.mideast 0.0453625156273	 
array:210	talk.politics.misc	talk.politics.guns 0.000461893031525	 talk.politics.misc 0.99747358427	 talk.politics.mideast 0.00206452269872	 
array:211	talk.politics.misc	talk.politics.guns 0.313389673238	 talk.politics.misc 0.647415371608	 talk.politics.mideast 0.0391949551547	 
array:212	talk.politics.misc	talk.politics.guns 0.00575609696506	 talk.politics.misc 0.994243870429	 talk.politics.mideast 3.26063378019e-08	 
array:213	talk.politics.misc	talk.politics.guns 0.265237073429	 talk.politics.misc 0.734669866396	 talk.politics.mideast 9.30601748419e-05	 
array:214	talk.politics.misc	talk.politics.guns 7.47925251123e-05	 talk.politics.misc 0.999923951168	 talk.politics.mideast 1.25630683461e-06	 
array:215	talk.politics.misc	talk.politics.guns 0.00466458932711	 talk.politics.misc 0.0356625728588	 talk.politics.mideast 0.959672837814	 
array:216	talk.politics.misc	talk.politics.guns 4.31225801023e-05	 talk.politics.misc 0.99995079165	 talk.politics.mideast 6.08577000226e-06	 
array:217	talk.politics.misc	talk.politics.guns 0.00164510434747	 talk.politics.misc 0.998209935341	 talk.politics.mideast 0.000144960311215	 
array:218	talk.politics.misc	talk.politics.guns 0.375574194107	 talk.politics.misc 0.209919203465	 talk.politics.mideast 0.414506602428	 
array:219	talk.politics.misc	talk.politics.guns 0.430889460963	 talk.politics.misc 0.565210162322	 talk.politics.mideast 0.00390037671475	 
array:220	talk.politics.misc	talk.politics.guns 0.000362119824857	 talk.politics.misc 0.999163669244	 talk.politics.mideast 0.000474210930727	 
array:221	talk.politics.misc	talk.politics.guns 0.0220637192615	 talk.politics.misc 0.973359456666	 talk.politics.mideast 0.00457682407262	 
array:222	talk.politics.misc	talk.politics.guns 0.0132645621164	 talk.politics.misc 0.986131175071	 talk.politics.mideast 0.000604262812164	 
array:223	talk.politics.misc	talk.politics.guns 0.00560629344194	 talk.politics.misc 0.00268662821865	 talk.politics.mideast 0.991707078339	 
array:224	talk.politics.misc	talk.politics.guns 0.00227049216344	 talk.politics.misc 0.96975656512	 talk.politics.mideast 0.0279729427166	 
array:225	talk.politics.misc	talk.politics.guns 0.0911588472324	 talk.politics.misc 0.842669442743	 talk.politics.mideast 0.0661717100243	 
array:226	talk.politics.misc	talk.politics.guns 0.0036494398207	 talk.politics.misc 0.995297280893	 talk.politics.mideast 0.00105327928623	 
array:227	talk.politics.misc	talk.politics.guns 0.145813212924	 talk.politics.misc 0.852380119618	 talk.politics.mideast 0.00180666745809	 
array:228	talk.politics.misc	talk.politics.guns 0.965789495398	 talk.politics.misc 0.0271394449577	 talk.politics.mideast 0.00707105964463	 
array:229	talk.politics.misc	talk.politics.guns 0.374857551354	 talk.politics.misc 0.610867733325	 talk.politics.mideast 0.0142747153214	 
array:230	talk.politics.misc	talk.politics.guns 0.0371410009636	 talk.politics.misc 0.930957328602	 talk.politics.mideast 0.0319016704342	 
array:231	talk.politics.misc	talk.politics.guns 0.948556177994	 talk.politics.misc 0.0459450133742	 talk.politics.mideast 0.00549880863195	 
array:232	talk.politics.misc	talk.politics.guns 0.00152311843182	 talk.politics.misc 0.997111971633	 talk.politics.mideast 0.00136490993553	 
array:233	talk.politics.misc	talk.politics.guns 0.00218216509022	 talk.politics.misc 0.997394157514	 talk.politics.mideast 0.000423677395565	 
array:234	talk.politics.misc	talk.politics.guns 0.0044752964441	 talk.politics.misc 0.994928320812	 talk.politics.mideast 0.000596382744372	 
array:235	talk.politics.misc	talk.politics.guns 0.886437719141	 talk.politics.misc 0.113310379871	 talk.politics.mideast 0.000251900988747	 
array:236	talk.politics.misc	talk.politics.guns 0.0216357388365	 talk.politics.misc 0.977610518889	 talk.politics.mideast 0.000753742274759	 
array:237	talk.politics.misc	talk.politics.guns 1.3873199547e-05	 talk.politics.misc 0.999979233499	 talk.politics.mideast 6.89330140116e-06	 
array:238	talk.politics.misc	talk.politics.guns 0.481121607178	 talk.politics.misc 0.100584436162	 talk.politics.mideast 0.41829395666	 
array:239	talk.politics.misc	talk.politics.guns 0.00333703809236	 talk.politics.misc 0.983723918825	 talk.politics.mideast 0.0129390430824	 
array:240	talk.politics.misc	talk.politics.guns 1.56586963148e-07	 talk.politics.misc 0.000800126311801	 talk.politics.mideast 0.999199717101	 
array:241	talk.politics.misc	talk.politics.guns 7.73453908403e-09	 talk.politics.misc 0.999997372499	 talk.politics.mideast 2.61976637328e-06	 
array:242	talk.politics.misc	talk.politics.guns 0.0447373953902	 talk.politics.misc 0.95322501505	 talk.politics.mideast 0.00203758956019	 
array:243	talk.politics.misc	talk.politics.guns 0.11784927323	 talk.politics.misc 0.876178955873	 talk.politics.mideast 0.00597177089743	 
array:244	talk.politics.misc	talk.politics.guns 0.00150091385666	 talk.politics.misc 0.0118871390886	 talk.politics.mideast 0.986611947055	 
array:245	talk.politics.misc	talk.politics.guns 0.0884596904929	 talk.politics.misc 0.908484065839	 talk.politics.mideast 0.00305624366859	 
array:246	talk.politics.misc	talk.politics.guns 0.00216536806836	 talk.politics.misc 0.931281214192	 talk.politics.mideast 0.0665534177396	 
array:247	talk.politics.misc	talk.politics.guns 0.975775876739	 talk.politics.misc 0.0240614376246	 talk.politics.mideast 0.0001626856366	 
array:248	talk.politics.misc	talk.politics.guns 0.022322587917	 talk.politics.misc 0.976927961351	 talk.politics.mideast 0.000749450732456	 
array:249	talk.politics.misc	talk.politics.guns 0.551486805656	 talk.politics.misc 0.446747829088	 talk.politics.mideast 0.00176536525572	 
array:250	talk.politics.misc	talk.politics.guns 0.51746237195	 talk.politics.misc 0.480970015983	 talk.politics.mideast 0.00156761206778	 
array:251	talk.politics.misc	talk.politics.guns 1.8845374527e-05	 talk.politics.misc 0.999977678962	 talk.politics.mideast 3.47566367593e-06	 
array:252	talk.politics.misc	talk.politics.guns 0.00354168924498	 talk.politics.misc 0.99396024509	 talk.politics.mideast 0.00249806566489	 
array:253	talk.politics.misc	talk.politics.guns 0.0351830542518	 talk.politics.misc 0.963361090362	 talk.politics.mideast 0.00145585538618	 
array:254	talk.politics.misc	talk.politics.guns 0.0283800418311	 talk.politics.misc 0.968349043212	 talk.politics.mideast 0.0032709149571	 
array:255	talk.politics.misc	talk.politics.guns 0.68612220001	 talk.politics.misc 0.301430137988	 talk.politics.mideast 0.012447662002	 
array:256	talk.politics.misc	talk.politics.guns 0.094282189828	 talk.politics.misc 0.905716126539	 talk.politics.mideast 1.68363328124e-06	 
array:257	talk.politics.misc	talk.politics.guns 0.945186054022	 talk.politics.misc 0.0543068482679	 talk.politics.mideast 0.000507097710503	 
array:258	talk.politics.misc	talk.politics.guns 0.0120006261147	 talk.politics.misc 0.986006884291	 talk.politics.mideast 0.00199248959438	 
array:259	talk.politics.misc	talk.politics.guns 0.146994419951	 talk.politics.misc 0.821349537633	 talk.politics.mideast 0.0316560424154	 
array:260	talk.politics.misc	talk.politics.guns 0.000451632184907	 talk.politics.misc 0.999377362389	 talk.politics.mideast 0.000171005425918	 
array:261	talk.politics.misc	talk.politics.guns 0.349031297987	 talk.politics.misc 0.482110648739	 talk.politics.mideast 0.168858053274	 
array:262	talk.politics.misc	talk.politics.guns 0.000492390489442	 talk.politics.misc 0.999356370747	 talk.politics.mideast 0.000151238763627	 
array:263	talk.politics.misc	talk.politics.guns 0.380826205731	 talk.politics.misc 0.56213300222	 talk.politics.mideast 0.057040792049	 
array:264	talk.politics.misc	talk.politics.guns 0.0004962166877	 talk.politics.misc 0.999389210386	 talk.politics.mideast 0.000114572926446	 
array:265	talk.politics.misc	talk.politics.guns 0.0152193572311	 talk.politics.misc 0.983997733461	 talk.politics.mideast 0.000782909307951	 
array:266	talk.politics.misc	talk.politics.guns 0.00499060107844	 talk.politics.misc 0.989842811777	 talk.politics.mideast 0.00516658714479	 
array:267	talk.politics.misc	talk.politics.guns 0.704112911059	 talk.politics.misc 0.189060346735	 talk.politics.mideast 0.106826742207	 
array:268	talk.politics.misc	talk.politics.guns 0.305798373682	 talk.politics.misc 0.654342214139	 talk.politics.mideast 0.039859412179	 
array:269	talk.politics.misc	talk.politics.guns 0.274086599721	 talk.politics.misc 0.715301446755	 talk.politics.mideast 0.0106119535235	 
array:270	talk.politics.misc	talk.politics.guns 0.818496520439	 talk.politics.misc 0.14732742035	 talk.politics.mideast 0.0341760592107	 
array:271	talk.politics.misc	talk.politics.guns 0.00815231897994	 talk.politics.misc 0.99182860346	 talk.politics.mideast 1.90775604562e-05	 
array:272	talk.politics.misc	talk.politics.guns 0.0380188948203	 talk.politics.misc 0.87899621787	 talk.politics.mideast 0.08298488731	 
array:273	talk.politics.misc	talk.politics.guns 0.999572026412	 talk.politics.misc 0.000244246184965	 talk.politics.mideast 0.000183727403071	 
array:274	talk.politics.misc	talk.politics.guns 0.545210149052	 talk.politics.misc 0.411961570219	 talk.politics.mideast 0.0428282807293	 
array:275	talk.politics.misc	talk.politics.guns 0.987733267744	 talk.politics.misc 0.0122084456039	 talk.politics.mideast 5.82866522524e-05	 
array:276	talk.politics.misc	talk.politics.guns 0.0740969221488	 talk.politics.misc 0.923986057269	 talk.politics.mideast 0.00191702058186	 
array:277	talk.politics.misc	talk.politics.guns 0.00354775784287	 talk.politics.misc 0.993669096449	 talk.politics.mideast 0.00278314570835	 
array:278	talk.politics.misc	talk.politics.guns 0.124499320963	 talk.politics.misc 0.320983043651	 talk.politics.mideast 0.554517635386	 
array:279	talk.politics.misc	talk.politics.guns 0.865636373119	 talk.politics.misc 0.106751319829	 talk.politics.mideast 0.0276123070515	 
array:280	talk.politics.misc	talk.politics.guns 0.963414754773	 talk.politics.misc 0.0340097946073	 talk.politics.mideast 0.00257545062017	 
array:281	talk.politics.misc	talk.politics.guns 0.0170492618238	 talk.politics.misc 0.627761643608	 talk.politics.mideast 0.355189094568	 
