array:0 talk.politics.misc 0.14105257900583573 talk.politics.mideast 0.05773264834905548 talk.politics.guns 0.8012147726451088 
array:1 talk.politics.misc 0.010646815469402635 talk.politics.mideast 0.04171563414792785 talk.politics.guns 0.9476375503826695 
array:2 talk.politics.misc 0.29167719649870394 talk.politics.mideast 0.04035677351967756 talk.politics.guns 0.6679660299816186 
array:3 talk.politics.misc 7.950253722166617E-6 talk.politics.mideast 4.533639954052655E-8 talk.politics.guns 0.9999920044098782 
array:4 talk.politics.misc 7.466243125142697E-6 talk.politics.mideast 4.321153069484066E-8 talk.politics.guns 0.9999924905453442 
array:5 talk.politics.misc 0.5970888836542846 talk.politics.mideast 0.006144990350516651 talk.politics.guns 0.3967661259951988 
array:6 talk.politics.misc 0.5433349271295803 talk.politics.mideast 0.11086409639566423 talk.politics.guns 0.34580097647475544 
array:7 talk.politics.misc 0.25705501488307364 talk.politics.mideast 0.08245901587572278 talk.politics.guns 0.6604859692412034 
array:8 talk.politics.misc 0.17419533829266345 talk.politics.mideast 1.939094726892832E-4 talk.politics.guns 0.8256107522346472 
array:9 talk.politics.misc 0.3102147620847299 talk.politics.mideast 1.6007111446568677E-5 talk.politics.guns 0.6897692308038235 
array:10 talk.politics.misc 0.004533775039650529 talk.politics.mideast 8.730461357601843E-4 talk.politics.guns 0.9945931788245893 
array:11 talk.politics.misc 0.007423279852658523 talk.politics.mideast 0.005460398099396731 talk.politics.guns 0.9871163220479447 
array:12 talk.politics.misc 2.451223145390435E-5 talk.politics.mideast 2.519778581007823E-8 talk.politics.guns 0.9999754625707602 
array:13 talk.politics.misc 2.870964795933705E-4 talk.politics.mideast 6.936290038296451E-4 talk.politics.guns 0.999019274516577 
array:14 talk.politics.misc 0.21548378254208395 talk.politics.mideast 0.06700550467335364 talk.politics.guns 0.7175107127845624 
array:15 talk.politics.misc 3.068457791514575E-4 talk.politics.mideast 0.0033691917413961833 talk.politics.guns 0.9963239624794524 
array:16 talk.politics.misc 0.02596037925442631 talk.politics.mideast 0.0055160287104696025 talk.politics.guns 0.9685235920351041 
array:17 talk.politics.misc 3.005827501507157E-6 talk.politics.mideast 9.163441357895167E-8 talk.politics.guns 0.9999969025380849 
array:18 talk.politics.misc 0.06773569705033705 talk.politics.mideast 0.10865904269544344 talk.politics.guns 0.8236052602542195 
array:19 talk.politics.misc 0.00784052963773864 talk.politics.mideast 2.8194680465801387E-5 talk.politics.guns 0.9921312756817955 
array:20 talk.politics.misc 0.2368520434799307 talk.politics.mideast 0.005975938940751808 talk.politics.guns 0.7571720175793174 
array:21 talk.politics.misc 0.5769424024739711 talk.politics.mideast 0.05365638424453039 talk.politics.guns 0.3694012132814985 
array:22 talk.politics.misc 0.06526451009222257 talk.politics.mideast 5.4909194655623216E-5 talk.politics.guns 0.9346805807131219 
array:23 talk.politics.misc 0.017077582932694006 talk.politics.mideast 0.12452674680419977 talk.politics.guns 0.8583956702631061 
array:24 talk.politics.misc 0.05426183437394127 talk.politics.mideast 0.05565261073020542 talk.politics.guns 0.8900855548958533 
array:25 talk.politics.misc 0.13045326186444067 talk.politics.mideast 4.317769235240373E-4 talk.politics.guns 0.8691149612120352 
array:26 talk.politics.misc 0.021190040186473396 talk.politics.mideast 4.940402174131762E-4 talk.politics.guns 0.9783159195961135 
array:27 talk.politics.misc 0.11765068335530272 talk.politics.mideast 0.024385519991595942 talk.politics.guns 0.8579637966531013 
array:28 talk.politics.misc 0.013112691347231836 talk.politics.mideast 8.02510055757866E-5 talk.politics.guns 0.9868070576471923 
array:29 talk.politics.misc 0.06342575079351641 talk.politics.mideast 6.881928815602615E-7 talk.politics.guns 0.936573561013602 
array:30 talk.politics.misc 0.007781700904572315 talk.politics.mideast 0.0029793734002626806 talk.politics.guns 0.9892389256951649 
array:31 talk.politics.misc 0.17055660474247214 talk.politics.mideast 0.032039568493911506 talk.politics.guns 0.7974038267636164 
array:32 talk.politics.misc 0.3558581626991449 talk.politics.mideast 0.018561260903360875 talk.politics.guns 0.6255805763974943 
array:33 talk.politics.misc 6.938677728800866E-4 talk.politics.mideast 1.6452010236991109E-6 talk.politics.guns 0.9993044870260962 
array:34 talk.politics.misc 0.14910949968283402 talk.politics.mideast 0.014658323984114823 talk.politics.guns 0.8362321763330511 
array:35 talk.politics.misc 0.01038805237561458 talk.politics.mideast 0.005188375558968027 talk.politics.guns 0.9844235720654174 
array:36 talk.politics.misc 1.76175830937576E-4 talk.politics.mideast 6.994158016865329E-7 talk.politics.guns 0.9998231247532606 
array:37 talk.politics.misc 9.14733174432337E-5 talk.politics.mideast 3.145743529429978E-5 talk.politics.guns 0.9998770692472625 
array:38 talk.politics.misc 0.29872885271856464 talk.politics.mideast 0.2695059090824825 talk.politics.guns 0.43176523819895274 
array:39 talk.politics.misc 0.009579773640793359 talk.politics.mideast 0.010811583823384223 talk.politics.guns 0.9796086425358225 
array:40 talk.politics.misc 0.04096936587007265 talk.politics.mideast 8.279847017303543E-4 talk.politics.guns 0.958202649428197 
array:41 talk.politics.misc 0.2538078057112578 talk.politics.mideast 0.015114635375034635 talk.politics.guns 0.7310775589137076 
array:42 talk.politics.misc 7.867434866266094E-5 talk.politics.mideast 2.8639948253006303E-5 talk.politics.guns 0.9998926857030843 
array:43 talk.politics.misc 0.017020735308956866 talk.politics.mideast 1.628621442822407E-5 talk.politics.guns 0.982962978476615 
array:44 talk.politics.misc 0.45098252767289077 talk.politics.mideast 0.1274307634060885 talk.politics.guns 0.42158670892102074 
array:45 talk.politics.misc 0.0877205062247841 talk.politics.mideast 0.0742613081623419 talk.politics.guns 0.8380181856128739 
array:46 talk.politics.misc 0.06617883947784657 talk.politics.mideast 0.009706280226390017 talk.politics.guns 0.9241148802957635 
array:47 talk.politics.misc 2.076644256591919E-4 talk.politics.mideast 1.0610205267803963E-5 talk.politics.guns 0.999781725369073 
array:48 talk.politics.misc 0.35893627118300236 talk.politics.mideast 0.36695255818620487 talk.politics.guns 0.2741111706307928 
array:49 talk.politics.misc 1.1899242273540453E-4 talk.politics.mideast 2.4262879029456656E-7 talk.politics.guns 0.9998807649484743 
array:50 talk.politics.misc 0.8513531160950568 talk.politics.mideast 0.0623441824266052 talk.politics.guns 0.086302701478338 
array:51 talk.politics.misc 0.8513531160950568 talk.politics.mideast 0.0623441824266052 talk.politics.guns 0.086302701478338 
array:52 talk.politics.misc 0.8513531160950568 talk.politics.mideast 0.0623441824266052 talk.politics.guns 0.086302701478338 
array:53 talk.politics.misc 0.8513531160950568 talk.politics.mideast 0.0623441824266052 talk.politics.guns 0.086302701478338 
array:54 talk.politics.misc 0.01570328311995116 talk.politics.mideast 0.08043580518077471 talk.politics.guns 0.9038609116992741 
array:55 talk.politics.misc 0.8513531160950568 talk.politics.mideast 0.0623441824266052 talk.politics.guns 0.086302701478338 
array:56 talk.politics.misc 6.43933173275085E-4 talk.politics.mideast 1.0688165623955289E-5 talk.politics.guns 0.999345378661101 
array:57 talk.politics.misc 3.467605557210398E-4 talk.politics.mideast 1.8927647339941547E-6 talk.politics.guns 0.999651346679545 
array:58 talk.politics.misc 0.3080658843344347 talk.politics.mideast 0.007121209955899467 talk.politics.guns 0.6848129057096658 
array:59 talk.politics.misc 0.046424867204818566 talk.politics.mideast 0.08647173443104626 talk.politics.guns 0.8671033983641352 
array:60 talk.politics.misc 0.6562186239182856 talk.politics.mideast 0.007841512209612772 talk.politics.guns 0.3359398638721018 
array:61 talk.politics.misc 0.0047943118719951045 talk.politics.mideast 4.274782684819018E-4 talk.politics.guns 0.994778209859523 
array:62 talk.politics.misc 0.22102271163902681 talk.politics.mideast 0.09438022632016538 talk.politics.guns 0.6845970620408078 
array:63 talk.politics.misc 3.954458110981533E-4 talk.politics.mideast 1.438583388926461E-4 talk.politics.guns 0.9994606958500093 
array:64 talk.politics.misc 0.17935580539619145 talk.politics.mideast 1.1431824228332387E-5 talk.politics.guns 0.8206327627795802 
array:65 talk.politics.misc 0.031517045268556206 talk.politics.mideast 0.12033495989144721 talk.politics.guns 0.8481479948399966 
array:66 talk.politics.misc 3.476185451461303E-4 talk.politics.mideast 3.6422767503618914E-6 talk.politics.guns 0.9996487391781035 
array:67 talk.politics.misc 0.5395017534091343 talk.politics.mideast 0.10529305297027093 talk.politics.guns 0.35520519362059466 
array:68 talk.politics.misc 0.6741863036821563 talk.politics.mideast 0.017620569312697124 talk.politics.guns 0.30819312700514667 
array:69 talk.politics.misc 0.2604211383790997 talk.politics.mideast 0.012944702467829956 talk.politics.guns 0.7266341591530704 
array:70 talk.politics.misc 0.0072134361664705415 talk.politics.mideast 4.9652661046576566E-5 talk.politics.guns 0.992736911172483 
array:71 talk.politics.misc 0.014455076702567151 talk.politics.mideast 0.00353294537550799 talk.politics.guns 0.9820119779219249 
array:72 talk.politics.misc 0.8917100211575051 talk.politics.mideast 0.10037602434877316 talk.politics.guns 0.007913954493721731 
array:73 talk.politics.misc 0.004793570309431605 talk.politics.mideast 0.03383095352521954 talk.politics.guns 0.9613754761653488 
array:74 talk.politics.misc 0.028432666221625807 talk.politics.mideast 0.01474650460826224 talk.politics.guns 0.9568208291701119 
array:75 talk.politics.misc 0.8340073274472636 talk.politics.mideast 0.003891448421186902 talk.politics.guns 0.16210122413154962 
array:76 talk.politics.misc 0.5279580115768646 talk.politics.mideast 0.12069037583063791 talk.politics.guns 0.35135161259249736 
array:77 talk.politics.misc 0.001751811113970844 talk.politics.mideast 0.011896567090183668 talk.politics.guns 0.9863516217958456 
array:78 talk.politics.misc 1.031700980451882E-5 talk.politics.mideast 5.3320192967976414E-5 talk.politics.guns 0.9999363627972274 
array:79 talk.politics.misc 0.005347618628636217 talk.politics.mideast 3.355488391694581E-5 talk.politics.guns 0.9946188264874469 
array:80 talk.politics.misc 0.002966543119065305 talk.politics.mideast 0.0028247839406056 talk.politics.guns 0.9942086729403291 
array:81 talk.politics.misc 0.010924142467780196 talk.politics.mideast 6.831245193034738E-4 talk.politics.guns 0.9883927330129163 
array:82 talk.politics.misc 0.005039148867526747 talk.politics.mideast 0.0017395026755328618 talk.politics.guns 0.9932213484569403 
array:83 talk.politics.misc 0.2520590138943926 talk.politics.mideast 0.017072109891528187 talk.politics.guns 0.7308688762140793 
array:84 talk.politics.misc 0.030024970772330642 talk.politics.mideast 0.005091909902063703 talk.politics.guns 0.9648831193256057 
array:85 talk.politics.misc 0.36485043873842987 talk.politics.mideast 0.0033482729222956784 talk.politics.guns 0.6318012883392745 
array:86 talk.politics.misc 0.9467356505297273 talk.politics.mideast 0.01008240708858284 talk.politics.guns 0.0431819423816898 
array:87 talk.politics.misc 9.366763731464123E-4 talk.politics.mideast 0.0018108999269811578 talk.politics.guns 0.9972524236998724 
array:88 talk.politics.misc 0.10760831401407701 talk.politics.mideast 0.2005781981411032 talk.politics.guns 0.6918134878448198 
array:89 talk.politics.misc 0.0051925088133355736 talk.politics.mideast 0.001910229529326684 talk.politics.guns 0.9928972616573378 
array:90 talk.politics.misc 0.7973104226475909 talk.politics.mideast 0.18676782729104516 talk.politics.guns 0.015921750061363895 
array:91 talk.politics.misc 0.4186962341325736 talk.politics.mideast 0.08831802038878825 talk.politics.guns 0.4929857454786382 
array:92 talk.politics.misc 0.6367062294104059 talk.politics.mideast 0.16491891688339727 talk.politics.guns 0.19837485370619687 
array:93 talk.politics.misc 5.959236656820063E-4 talk.politics.mideast 1.9470618189280217E-6 talk.politics.guns 0.999402129272499 
array:94 talk.politics.misc 0.039564889376657794 talk.politics.mideast 0.00124165064179165 talk.politics.guns 0.9591934599815506 
array:95 talk.politics.misc 0.06346248960213133 talk.politics.mideast 0.012369637822173788 talk.politics.guns 0.9241678725756949 
array:96 talk.politics.misc 0.06840878118747724 talk.politics.mideast 0.03733698691329882 talk.politics.guns 0.894254231899224 
array:97 talk.politics.misc 0.0839124450314348 talk.politics.mideast 0.025189576474873562 talk.politics.guns 0.8908979784936916 
array:98 talk.politics.misc 0.0033036415383992223 talk.politics.mideast 0.002735683874108077 talk.politics.guns 0.9939606745874927 
array:99 talk.politics.misc 0.18885295778665523 talk.politics.mideast 0.006997552235735388 talk.politics.guns 0.8041494899776094 
array:100 talk.politics.misc 0.18445403531539797 talk.politics.mideast 0.28240622160364454 talk.politics.guns 0.5331397430809575 
array:101 talk.politics.misc 0.07105459075156662 talk.politics.mideast 0.9070376083124205 talk.politics.guns 0.021907800936012772 
array:102 talk.politics.misc 2.3626620353704622E-4 talk.politics.mideast 0.9997471799872477 talk.politics.guns 1.655380921535478E-5 
array:103 talk.politics.misc 5.360642036286803E-5 talk.politics.mideast 0.9999310397576765 talk.politics.guns 1.5353821960632862E-5 
array:104 talk.politics.misc 2.7768930888722295E-4 talk.politics.mideast 0.9979891316666051 talk.politics.guns 0.00173317902450775 
array:105 talk.politics.misc 0.45211723797008535 talk.politics.mideast 0.5230568491148041 talk.politics.guns 0.024825912915110698 
array:106 talk.politics.misc 0.055192538170064705 talk.politics.mideast 0.9257171004258388 talk.politics.guns 0.019090361404096416 
array:107 talk.politics.misc 0.037745468802221516 talk.politics.mideast 0.9622425736051687 talk.politics.guns 1.1957592609840576E-5 
array:108 talk.politics.misc 0.001125815038125825 talk.politics.mideast 0.9987432384302811 talk.politics.guns 1.309465315929789E-4 
array:109 talk.politics.misc 0.002673156191078252 talk.politics.mideast 0.997245659944152 talk.politics.guns 8.11838647697706E-5 
array:110 talk.politics.misc 2.3846328325054654E-4 talk.politics.mideast 0.9997429057910462 talk.politics.guns 1.86309257032851E-5 
array:111 talk.politics.misc 4.7860905311406486E-4 talk.politics.mideast 0.9989419213431349 talk.politics.guns 5.794696037511229E-4 
array:112 talk.politics.misc 0.20618432207628742 talk.politics.mideast 0.6237790803935491 talk.politics.guns 0.17003659753016342 
array:113 talk.politics.misc 0.05241609014527313 talk.politics.mideast 0.9263019914525831 talk.politics.guns 0.021281918402143937 
array:114 talk.politics.misc 0.003122209509179931 talk.politics.mideast 0.995908762806741 talk.politics.guns 9.690276840789108E-4 
array:115 talk.politics.misc 6.052068491427467E-4 talk.politics.mideast 0.9993331913037196 talk.politics.guns 6.160184713773662E-5 
array:116 talk.politics.misc 0.023969373938200558 talk.politics.mideast 0.9617639207577957 talk.politics.guns 0.014266705304003788 
array:117 talk.politics.misc 0.5037555102251943 talk.politics.mideast 0.19322208832749282 talk.politics.guns 0.30302240144731285 
array:118 talk.politics.misc 5.268554395868296E-6 talk.politics.mideast 0.9999947033857717 talk.politics.guns 2.8059832428760832E-8 
array:119 talk.politics.misc 0.050920385443863084 talk.politics.mideast 0.9468141033602387 talk.politics.guns 0.0022655111958980513 
array:120 talk.politics.misc 6.598160103360754E-4 talk.politics.mideast 0.9993281672029378 talk.politics.guns 1.2016786726162672E-5 
array:121 talk.politics.misc 0.6825002467227741 talk.politics.mideast 0.23559732372998732 talk.politics.guns 0.08190242954723873 
array:122 talk.politics.misc 0.00874521722950121 talk.politics.mideast 0.9905258140837412 talk.politics.guns 7.289686867576583E-4 
array:123 talk.politics.misc 0.0023443145931533018 talk.politics.mideast 0.9973932090990085 talk.politics.guns 2.6247630783815507E-4 
array:124 talk.politics.misc 7.528860816250725E-6 talk.politics.mideast 0.9999924656676639 talk.politics.guns 5.471519879222569E-9 
array:125 talk.politics.misc 2.556480280538171E-4 talk.politics.mideast 0.9992414313693945 talk.politics.guns 5.029206025517738E-4 
array:126 talk.politics.misc 9.327800204391366E-5 talk.politics.mideast 0.9999065138270375 talk.politics.guns 2.0817091860230026E-7 
array:127 talk.politics.misc 0.009325871215834324 talk.politics.mideast 0.9906636520672882 talk.politics.guns 1.0476716877440367E-5 
array:128 talk.politics.misc 5.895113298704711E-7 talk.politics.mideast 0.9999993297275321 talk.politics.guns 8.076113794662385E-8 
array:129 talk.politics.misc 0.012816663117942105 talk.politics.mideast 0.9856711325555259 talk.politics.guns 0.0015122043265321748 
array:130 talk.politics.misc 0.024346582427001103 talk.politics.mideast 0.5596799661933473 talk.politics.guns 0.4159734513796518 
array:131 talk.politics.misc 0.36553685256588153 talk.politics.mideast 0.6331230384857277 talk.politics.guns 0.00134010894839064 
array:132 talk.politics.misc 0.7658108246095389 talk.politics.mideast 0.19018835516653274 talk.politics.guns 0.04400082022392834 
array:133 talk.politics.misc 0.045369043537160036 talk.politics.mideast 0.8440044555298376 talk.politics.guns 0.11062650093300228 
array:134 talk.politics.misc 0.0011655489463690105 talk.politics.mideast 0.9988029636848754 talk.politics.guns 3.148736875567681E-5 
array:135 talk.politics.misc 0.15295866771958425 talk.politics.mideast 0.8465604272008765 talk.politics.guns 4.80905079539333E-4 
array:136 talk.politics.misc 1.7203373203220122E-5 talk.politics.mideast 0.9999827956579063 talk.politics.guns 9.688905509005382E-10 
array:137 talk.politics.misc 0.0056650586066695685 talk.politics.mideast 0.9887401970403918 talk.politics.guns 0.005594744352938633 
array:138 talk.politics.misc 0.001574163823721583 talk.politics.mideast 0.99840551108469 talk.politics.guns 2.032509158852611E-5 
array:139 talk.politics.misc 0.006596266180793379 talk.politics.mideast 0.9934004467661625 talk.politics.guns 3.287053044168129E-6 
array:140 talk.politics.misc 4.9149305078785524E-5 talk.politics.mideast 0.9999456055054177 talk.politics.guns 5.2451895035359E-6 
array:141 talk.politics.misc 2.784121005364119E-4 talk.politics.mideast 0.9997197435654964 talk.politics.guns 1.8443339670421902E-6 
array:142 talk.politics.misc 9.951859049683536E-6 talk.politics.mideast 0.9988038917825822 talk.politics.guns 0.0011861563583680638 
array:143 talk.politics.misc 9.498835722999042E-8 talk.politics.mideast 0.9999999048484252 talk.politics.guns 1.6321764382708352E-10 
array:144 talk.politics.misc 0.9750983416872987 talk.politics.mideast 0.0073495312843803486 talk.politics.guns 0.017552127028321065 
array:145 talk.politics.misc 1.0682267069709488E-4 talk.politics.mideast 0.9998925561888523 talk.politics.guns 6.211404507478978E-7 
array:146 talk.politics.misc 4.6892283331018147E-4 talk.politics.mideast 0.9995244607352327 talk.politics.guns 6.616431457088296E-6 
array:147 talk.politics.misc 7.161381529469939E-4 talk.politics.mideast 0.9992267935056819 talk.politics.guns 5.706834137121864E-5 
array:148 talk.politics.misc 0.03557456292791396 talk.politics.mideast 0.9644032659568293 talk.politics.guns 2.2171115256725616E-5 
array:149 talk.politics.misc 0.3232201412188426 talk.politics.mideast 0.6367140878379165 talk.politics.guns 0.04006577094324091 
array:150 talk.politics.misc 1.7922943617179493E-4 talk.politics.mideast 0.9997793567846687 talk.politics.guns 4.141377915952835E-5 
array:151 talk.politics.misc 0.056111068305903206 talk.politics.mideast 0.9410509211389841 talk.politics.guns 0.00283801055511257 
array:152 talk.politics.misc 0.2487158382139936 talk.politics.mideast 0.659572845592644 talk.politics.guns 0.09171131619336247 
array:153 talk.politics.misc 4.8002908244606536E-4 talk.politics.mideast 0.9992542615404395 talk.politics.guns 2.657093771144402E-4 
array:154 talk.politics.misc 2.2310294591964657E-4 talk.politics.mideast 0.9997607967294476 talk.politics.guns 1.6100324632776605E-5 
array:155 talk.politics.misc 8.452416600204907E-5 talk.politics.mideast 0.9999134595037987 talk.politics.guns 2.0163301991664306E-6 
array:156 talk.politics.misc 0.005310450280921709 talk.politics.mideast 0.9910929169032946 talk.politics.guns 0.003596632815783875 
array:157 talk.politics.misc 3.446494737636589E-6 talk.politics.mideast 0.9999928264631541 talk.politics.guns 3.7270421083364393E-6 
array:158 talk.politics.misc 4.765579258966041E-7 talk.politics.mideast 0.99999952067005 talk.politics.guns 2.7720241896283705E-9 
array:159 talk.politics.misc 4.261105361294363E-5 talk.politics.mideast 0.9997746281373926 talk.politics.guns 1.82760808994485E-4 
array:160 talk.politics.misc 0.0022317322360675346 talk.politics.mideast 0.9977671696686983 talk.politics.guns 1.0980952341314385E-6 
array:161 talk.politics.misc 0.01309430866715546 talk.politics.mideast 0.9664182304061771 talk.politics.guns 0.020487460926667447 
array:162 talk.politics.misc 1.22191322167291E-4 talk.politics.mideast 0.9996996618176378 talk.politics.guns 1.781468601949821E-4 
array:163 talk.politics.misc 6.804903375954604E-6 talk.politics.mideast 0.9999929338712515 talk.politics.guns 2.61225372661767E-7 
array:164 talk.politics.misc 4.02193962950368E-4 talk.politics.mideast 0.9995971455679871 talk.politics.guns 6.604690626720494E-7 
array:165 talk.politics.misc 3.15320522140683E-4 talk.politics.mideast 0.9996375803784081 talk.politics.guns 4.709909945124707E-5 
array:166 talk.politics.misc 1.4695265241801002E-4 talk.politics.mideast 0.9998487700297897 talk.politics.guns 4.277317792444384E-6 
array:167 talk.politics.misc 0.02061169610573229 talk.politics.mideast 0.9792737750727705 talk.politics.guns 1.1452882149712639E-4 
array:168 talk.politics.misc 0.006524272476315223 talk.politics.mideast 0.9930342015518123 talk.politics.guns 4.415259718723527E-4 
array:169 talk.politics.misc 2.4833966898115214E-4 talk.politics.mideast 0.9997507194016889 talk.politics.guns 9.409293299260673E-7 
array:170 talk.politics.misc 3.550967004492822E-5 talk.politics.mideast 0.9999642814532299 talk.politics.guns 2.0887672506641207E-7 
array:171 talk.politics.misc 7.279552824293799E-4 talk.politics.mideast 0.9986956193877075 talk.politics.guns 5.764253298632325E-4 
array:172 talk.politics.misc 0.026224615724919464 talk.politics.mideast 0.9637898196728144 talk.politics.guns 0.009985564602266107 
array:173 talk.politics.misc 1.424245707418295E-5 talk.politics.mideast 0.9999837249902269 talk.politics.guns 2.032552698871965E-6 
array:174 talk.politics.misc 0.0238507046404086 talk.politics.mideast 0.9742618614723315 talk.politics.guns 0.0018874338872598697 
array:175 talk.politics.misc 0.0014597231158579402 talk.politics.mideast 0.9971238522973146 talk.politics.guns 0.0014164245868275706 
array:176 talk.politics.misc 7.724774874368014E-4 talk.politics.mideast 0.9885035424468707 talk.politics.guns 0.010723980065692501 
array:177 talk.politics.misc 0.0024843150972552676 talk.politics.mideast 0.9974952570189025 talk.politics.guns 2.042788384210876E-5 
array:178 talk.politics.misc 0.010837588188814966 talk.politics.mideast 0.9891114244790857 talk.politics.guns 5.098733209924426E-5 
array:179 talk.politics.misc 4.931564072988523E-4 talk.politics.mideast 0.999454195069767 talk.politics.guns 5.2648522934230675E-5 
array:180 talk.politics.misc 0.026789288954938855 talk.politics.mideast 0.9723114217695625 talk.politics.guns 8.99289275498635E-4 
array:181 talk.politics.misc 0.03509121744507917 talk.politics.mideast 0.9424710543114786 talk.politics.guns 0.022437728243442197 
array:182 talk.politics.misc 0.0036697660154558736 talk.politics.mideast 0.9962970713797359 talk.politics.guns 3.3162604808244135E-5 
array:183 talk.politics.misc 1.2404380424452276E-4 talk.politics.mideast 0.9998743343187431 talk.politics.guns 1.6218770124453489E-6 
array:184 talk.politics.misc 3.443565461555425E-6 talk.politics.mideast 0.9999965525266665 talk.politics.guns 3.907871827693233E-9 
array:185 talk.politics.misc 0.005339607384027586 talk.politics.mideast 0.9946590351352868 talk.politics.guns 1.357480685518721E-6 
array:186 talk.politics.misc 0.033526247046356546 talk.politics.mideast 0.9664732131727531 talk.politics.guns 5.397808903214191E-7 
array:187 talk.politics.misc 0.0027197657753731657 talk.politics.mideast 0.9972791051156257 talk.politics.guns 1.1291090011003828E-6 
array:188 talk.politics.misc 0.02009998637387639 talk.politics.mideast 0.9620999225275346 talk.politics.guns 0.01780009109858891 
array:189 talk.politics.misc 0.07305940003896123 talk.politics.mideast 0.19140111798055678 talk.politics.guns 0.7355394819804819 
array:190 talk.politics.misc 0.031210470658637465 talk.politics.mideast 0.9505377108025328 talk.politics.guns 0.01825181853882963 
array:191 talk.politics.misc 0.08817746278885139 talk.politics.mideast 0.4084469067449327 talk.politics.guns 0.5033756304662159 
array:192 talk.politics.misc 0.0015353028571427707 talk.politics.mideast 0.9984584860211961 talk.politics.guns 6.211121661088063E-6 
array:193 talk.politics.misc 0.009079753966558864 talk.politics.mideast 0.945836582500503 talk.politics.guns 0.04508366353293816 
array:194 talk.politics.misc 0.008054477045304797 talk.politics.mideast 0.9754531572829618 talk.politics.guns 0.016492365671733393 
array:195 talk.politics.misc 0.04189151213704007 talk.politics.mideast 0.9484373216072337 talk.politics.guns 0.009671166255726263 
array:196 talk.politics.misc 0.21160744649868515 talk.politics.mideast 0.6705080287316834 talk.politics.guns 0.11788452476963146 
array:197 talk.politics.misc 0.3107715267444192 talk.politics.mideast 0.677047084644821 talk.politics.guns 0.012181388610759812 
array:198 talk.politics.misc 0.2588410158308882 talk.politics.mideast 0.6916961023722289 talk.politics.guns 0.0494628817968828 
array:199 talk.politics.misc 0.06324643321891571 talk.politics.mideast 0.9366768178456003 talk.politics.guns 7.674893548409315E-5 
array:200 talk.politics.misc 1.0718655608068988E-4 talk.politics.mideast 0.0038715327262471436 talk.politics.guns 0.9960212807176723 
array:201 talk.politics.misc 0.9997043371960864 talk.politics.mideast 2.8299982709831435E-4 talk.politics.guns 1.2662976815255454E-5 
array:202 talk.politics.misc 0.9989438737409857 talk.politics.mideast 3.2674630336317263E-4 talk.politics.guns 7.293799556510768E-4 
array:203 talk.politics.misc 0.9957901029732452 talk.politics.mideast 0.0033300127827257347 talk.politics.guns 8.798842440290699E-4 
array:204 talk.politics.misc 0.9729169111118223 talk.politics.mideast 0.00293989146093316 talk.politics.guns 0.02414319742724445 
array:205 talk.politics.misc 0.996760539451954 talk.politics.mideast 0.0010708114061665941 talk.politics.guns 0.0021686491418795597 
array:206 talk.politics.misc 0.9451816769876057 talk.politics.mideast 0.03994309483674228 talk.politics.guns 0.014875228175651956 
array:207 talk.politics.misc 0.9951086108830614 talk.politics.mideast 0.0013839042597273343 talk.politics.guns 0.0035074848572112984 
array:208 talk.politics.misc 0.13136183642250948 talk.politics.mideast 0.047075903224793936 talk.politics.guns 0.8215622603526966 
array:209 talk.politics.misc 0.9544712587454888 talk.politics.mideast 0.0453627138285932 talk.politics.guns 1.6602742591797834E-4 
array:210 talk.politics.misc 0.9974735987222789 talk.politics.mideast 0.002064509683198253 talk.politics.guns 4.618915945228226E-4 
array:211 talk.politics.misc 0.6474151116257837 talk.politics.mideast 0.039194749865526464 talk.politics.guns 0.3133901385086898 
array:212 talk.politics.misc 0.9942438473286555 talk.politics.mideast 3.260644067208815E-8 talk.politics.guns 0.005756120064903853 
array:213 talk.politics.misc 0.7346696383660111 talk.politics.mideast 9.305997184319943E-5 talk.politics.guns 0.2652373016621457 
array:214 talk.politics.misc 0.9999239512059378 talk.politics.mideast 1.2563088726157846E-6 talk.politics.guns 7.479248518948742E-5 
array:215 talk.politics.misc 0.03566253001543717 talk.politics.mideast 0.9596729114667732 talk.politics.guns 0.004664558517789504 
array:216 talk.politics.misc 0.9999507911630867 talk.politics.mideast 6.085815980507409E-6 talk.politics.guns 4.312302093287875E-5 
array:217 talk.politics.misc 0.9982099563402898 talk.politics.mideast 1.4496010319599965E-4 talk.politics.guns 0.0016450835565142079 
array:218 talk.politics.misc 0.20991914424234634 talk.politics.mideast 0.41450588889232454 talk.politics.guns 0.37557496686532915 
array:219 talk.politics.misc 0.5652076988147696 talk.politics.mideast 0.003900375396775964 talk.politics.guns 0.4308919257884543 
array:220 talk.politics.misc 0.9991636652735651 talk.politics.mideast 4.742123368135984E-4 talk.politics.guns 3.621223896213427E-4 
array:221 talk.politics.misc 0.9733594480794402 talk.politics.mideast 0.004576829021225808 talk.politics.guns 0.02206372289933396 
array:222 talk.politics.misc 0.9861310365976663 talk.politics.mideast 6.042686947251867E-4 talk.politics.guns 0.013264694707608552 
array:223 talk.politics.misc 0.0026866332462792916 talk.politics.mideast 0.9917070103113391 talk.politics.guns 0.005606356442381563 
array:224 talk.politics.misc 0.9697566132562654 talk.politics.mideast 0.027972885525419527 talk.politics.guns 0.0022705012183150824 
array:225 talk.politics.misc 0.8426698733999199 talk.politics.mideast 0.0661713617444594 talk.politics.guns 0.09115876485562059 
array:226 talk.politics.misc 0.9952972934143739 talk.politics.mideast 0.0010532760031450714 talk.politics.guns 0.0036494305824810156 
array:227 talk.politics.misc 0.852379117212833 talk.politics.mideast 0.0018066729996419285 talk.politics.guns 0.14581420978752518 
array:228 talk.politics.misc 0.027139201551401308 talk.politics.mideast 0.007071073560249764 talk.politics.guns 0.9657897248883489 
array:229 talk.politics.misc 0.6108674689049394 talk.politics.mideast 0.014274659009336528 talk.politics.guns 0.37485787208572396 
array:230 talk.politics.misc 0.9309572871108861 talk.politics.mideast 0.031901675708421215 talk.politics.guns 0.037141037180692824 
array:231 talk.politics.misc 0.045944635968263994 talk.politics.mideast 0.0054987946467369535 talk.politics.guns 0.9485565693849991 
array:232 talk.politics.misc 0.9971119668082734 talk.politics.mideast 0.0013649071037423756 talk.politics.guns 0.0015231260879843534 
array:233 talk.politics.misc 0.9973941371530743 talk.politics.mideast 4.2367810184477126E-4 talk.politics.guns 0.0021821847450809373 
array:234 talk.politics.misc 0.9949282995805764 talk.politics.mideast 5.963814846197123E-4 talk.politics.guns 0.004475318934804016 
array:235 talk.politics.misc 0.11330872979183719 talk.politics.mideast 2.518988011990372E-4 talk.politics.guns 0.8864393714069638 
array:236 talk.politics.misc 0.9776105646850403 talk.politics.mideast 7.537406879860645E-4 talk.politics.guns 0.021635694626973546 
array:237 talk.politics.misc 0.9999792338255947 talk.politics.mideast 6.893238392931432E-6 talk.politics.guns 1.3872936012377949E-5 
array:238 talk.politics.misc 0.10058443601772354 talk.politics.mideast 0.4182936893237711 talk.politics.guns 0.4811218746585054 
array:239 talk.politics.misc 0.9837238285231596 talk.politics.mideast 0.012939110569779077 talk.politics.guns 0.003337060907061251 
array:240 talk.politics.misc 8.001179166715664E-4 talk.politics.mideast 0.9991997255003763 talk.politics.guns 1.5658295217440676E-7 
array:241 talk.politics.misc 0.9999973725348665 talk.politics.mideast 2.6197308115056627E-6 talk.politics.guns 7.734322016824252E-9 
array:242 talk.politics.misc 0.9532249049144323 talk.politics.mideast 0.002037592781474858 talk.politics.guns 0.044737502304092854 
array:243 talk.politics.misc 0.8761788771180429 talk.politics.mideast 0.0059717558595985135 talk.politics.guns 0.11784936702235863 
array:244 talk.politics.misc 0.011887055939117874 talk.politics.mideast 0.986612035930028 talk.politics.guns 0.0015009081308540932 
array:245 talk.politics.misc 0.9084835141793568 talk.politics.mideast 0.0030562519017516064 talk.politics.guns 0.08846023391889159 
array:246 talk.politics.misc 0.9312810678069983 talk.politics.mideast 0.06655356278667472 talk.politics.guns 0.0021653694063269884 
array:247 talk.politics.misc 0.024061356240794973 talk.politics.mideast 1.626847936425547E-4 talk.politics.guns 0.9757759589655625 
array:248 talk.politics.misc 0.97692782801106 talk.politics.mideast 7.494550503838989E-4 talk.politics.guns 0.02232271693855605 
array:249 talk.politics.misc 0.4467480680797237 talk.politics.mideast 0.0017653587347906364 talk.politics.guns 0.5514865731854857 
array:250 talk.politics.misc 0.4809703970674822 talk.politics.mideast 0.0015676064599788177 talk.politics.guns 0.517461996472539 
array:251 talk.politics.misc 0.9999776790392003 talk.politics.mideast 3.475647878075109E-6 talk.politics.guns 1.884531292168611E-5 
array:252 talk.politics.misc 0.9939602169795488 talk.politics.mideast 0.0024980739271232982 talk.politics.guns 0.0035417090933279128 
array:253 talk.politics.misc 0.9633610109823306 talk.politics.mideast 0.0014558476952359662 talk.politics.guns 0.03518314132243338 
array:254 talk.politics.misc 0.9683487809214886 talk.politics.mideast 0.003270939198756346 talk.politics.guns 0.028380279879755135 
array:255 talk.politics.misc 0.30142993182120653 talk.politics.mideast 0.012447604431766473 talk.politics.guns 0.686122463747027 
array:256 talk.politics.misc 0.9057169263592514 talk.politics.mideast 1.6836314937921345E-6 talk.politics.guns 0.09428139000925474 
array:257 talk.politics.misc 0.05430614775386109 talk.politics.mideast 5.070945033001796E-4 talk.politics.guns 0.9451867577428388 
array:258 talk.politics.misc 0.986006867164771 talk.politics.mideast 0.0019924919301761742 talk.politics.guns 0.012000640905052857 
array:259 talk.politics.misc 0.8213493635100939 talk.politics.mideast 0.03165578219757468 talk.politics.guns 0.14699485429233136 
array:260 talk.politics.misc 0.9993773644344786 talk.politics.mideast 1.7100528651972692E-4 talk.politics.guns 4.5163027900178485E-4 
array:261 talk.politics.misc 0.4821103215470128 talk.politics.mideast 0.1688578019915979 talk.politics.guns 0.3490318764613894 
array:262 talk.politics.misc 0.9993563662562309 talk.politics.mideast 1.5123963524870198E-4 talk.politics.guns 4.923941085203713E-4 
array:263 talk.politics.misc 0.5621320145314627 talk.politics.mideast 0.057040780323956736 talk.politics.guns 0.3808272051445807 
array:264 talk.politics.misc 0.9993892083391688 talk.politics.mideast 1.1457273731532689E-4 talk.politics.guns 4.962189235160365E-4 
array:265 talk.politics.misc 0.9839976889598097 talk.politics.mideast 7.829063019171526E-4 talk.politics.guns 0.015219404738273096 
array:266 talk.politics.misc 0.9898427425916985 talk.politics.mideast 0.0051666189706075045 talk.politics.guns 0.004990638437694096 
array:267 talk.politics.misc 0.18905981341088185 talk.politics.mideast 0.10682658906270356 talk.politics.guns 0.7041135975264146 
array:268 talk.politics.misc 0.6543409657656326 talk.politics.mideast 0.03985939418423225 talk.politics.guns 0.305799640050135 
array:269 talk.politics.misc 0.7153007152607578 talk.politics.mideast 0.010611931335893896 talk.politics.guns 0.2740873534033484 
array:270 talk.politics.misc 0.14732678845974842 talk.politics.mideast 0.034175934282727846 talk.politics.guns 0.8184972772575239 
array:271 talk.politics.misc 0.991828541755905 talk.politics.mideast 1.9077594731077923E-5 talk.politics.guns 0.008152380649364034 
array:272 talk.politics.misc 0.8789975980198649 talk.politics.mideast 0.0829839293051633 talk.politics.guns 0.038018472674971875 
array:273 talk.politics.misc 2.442440659672699E-4 talk.politics.mideast 1.8372612093816776E-4 talk.politics.guns 0.9995720298130947 
array:274 talk.politics.misc 0.41196156094482855 talk.politics.mideast 0.04282805971147116 talk.politics.guns 0.5452103793437003 
array:275 talk.politics.misc 0.012208332777913136 talk.politics.mideast 5.828626161355556E-5 talk.politics.guns 0.9877333809604733 
array:276 talk.politics.misc 0.9239857540620158 talk.politics.mideast 0.0019170254119297604 talk.politics.guns 0.07409722052605451 
array:277 talk.politics.misc 0.9936690977069778 talk.politics.mideast 0.0027831435963760424 talk.politics.guns 0.0035477586966461364 
array:278 talk.politics.misc 0.32098219150295126 talk.politics.mideast 0.5545183462697977 talk.politics.guns 0.12449946222725101 
array:279 talk.politics.misc 0.1067505507798429 talk.politics.mideast 0.027612135156292614 talk.politics.guns 0.8656373140638645 
array:280 talk.politics.misc 0.034009412478088356 talk.politics.mideast 0.0025754318878557186 talk.politics.guns 0.9634151556340559 
array:281 talk.politics.misc 0.6277620466602583 talk.politics.mideast 0.3551886988154146 talk.politics.guns 0.017049254524327147 
array:282 talk.politics.misc 0.9534318048759827 talk.politics.mideast 0.004041534270455147 talk.politics.guns 0.042526660853562236 
array:283 talk.politics.misc 0.9953766632697226 talk.politics.mideast 3.3430712783473737E-6 talk.politics.guns 0.004619993658999047 
array:284 talk.politics.misc 0.7249323247434116 talk.politics.mideast 2.82318276902121E-4 talk.politics.guns 0.2747853569796862 
array:285 talk.politics.misc 0.9756362929168817 talk.politics.mideast 0.011548567383666788 talk.politics.guns 0.01281513969945149 
array:286 talk.politics.misc 0.6310198116626389 talk.politics.mideast 1.860988121310468E-4 talk.politics.guns 0.3687940895252301 
array:287 talk.politics.misc 0.9955462341283382 talk.politics.mideast 0.0012428459602928379 talk.politics.guns 0.0032109199113689365 
array:288 talk.politics.misc 0.9793073533053962 talk.politics.mideast 6.278303518271628E-4 talk.politics.guns 0.020064816342776726 
array:289 talk.politics.misc 0.4934431483177555 talk.politics.mideast 8.217834857923612E-4 talk.politics.guns 0.5057350681964523 
array:290 talk.politics.misc 0.9997635627709546 talk.politics.mideast 6.16744898720102E-5 talk.politics.guns 1.7476273917346676E-4 
array:291 talk.politics.misc 0.9996985812639088 talk.politics.mideast 2.5324015280422743E-6 talk.politics.guns 2.9888633456314547E-4 
array:292 talk.politics.misc 0.9999811113538783 talk.politics.mideast 8.276283372843401E-6 talk.politics.guns 1.0612362748680933E-5 
array:293 talk.politics.misc 0.992477748675124 talk.politics.mideast 0.007458446821961436 talk.politics.guns 6.380450291470157E-5 
array:294 talk.politics.misc 0.9995397158932315 talk.politics.mideast 3.7545100008429494E-4 talk.politics.guns 8.483310668410146E-5 
array:295 talk.politics.misc 0.9434586641888026 talk.politics.mideast 0.0017512800639491808 talk.politics.guns 0.05479005574724815 
array:296 talk.politics.misc 0.9998664358184126 talk.politics.mideast 1.884499821635232E-6 talk.politics.guns 1.3167968176566944E-4 
array:297 talk.politics.misc 0.9998827287954594 talk.politics.mideast 4.21988710339382E-5 talk.politics.guns 7.507233350682127E-5 
array:298 talk.politics.misc 0.4508837627372985 talk.politics.mideast 0.03238960648621482 talk.politics.guns 0.5167266307764867 
array:299 talk.politics.misc 0.9992907139350281 talk.politics.mideast 2.735794011234897E-4 talk.politics.guns 4.357066638483045E-4 
